# name: debug
# type: sparse matrix
# nnz: 5184
# rows: 72
# columns: 72

1 1 162.389247
2 1 -34.0485559
3 1 -96.2274973
4 1 -8917.13104
5 1 -59365.9219
6 1 18279.7501
7 1 -27.8139555
8 1 3.44824652
9 1 17.8977292
10 1 -278.935102
11 1 21490.144
12 1 -4013.2498
13 1 -19.8038558
14 1 3.08941522
15 1 11.8476433
16 1 669.709399
17 1 11015.2833
18 1 -4217.00142
19 1 -16.3173388
20 1 4.60056516
21 1 8.34899576
22 1 1908.46497
23 1 5811.14471
24 1 -3447.94366
25 1 -7.7070976
26 1 4.59875881
27 1 2.87211587
28 1 3246.30798
29 1 -1784.07894
30 1 -1768.43551
31 1 -5.83836376
32 1 6.07770431
33 1 2.70209535
34 1 1705.43154
35 1 -26.8299989
36 1 -1237.05088
37 1 -4.54880268
38 1 4.3569282
39 1 2.35152321
40 1 711.147273
41 1 -65.8480568
42 1 -1021.60186
43 1 -3.15467312
44 1 4.70861401
45 1 1.6851209
46 1 825.788078
47 1 -551.412078
48 1 -1211.5734
49 1 -2.67167864
50 1 2.25628323
51 1 1.75477076
52 1 156.767438
53 1 -37.2165673
54 1 -179.855861
55 1 -1.62754562
56 1 1.11543955
57 1 1.26211517
58 1 -0.442511931
59 1 -2.16575051
60 1 1.61677355
61 1 -1.91017479
62 1 1.10865147
63 1 1.42380325
64 1 -0.565444402
65 1 -0.81557132
66 1 1.49984371
67 1 -1.40682159
68 1 0.781809833
69 1 1.05301907
70 1 -0.517851637
71 1 -0.351551912
72 1 1.28620095
1 2 -34.0485559
2 2 529.786298
3 2 0.826619405
4 2 133738.728
5 2 8111.53834
6 2 -181654.504
7 2 4.67506098
8 2 -77.2007692
9 2 3.13961996
10 2 -28088.7674
11 2 -387.636197
12 2 40815.612
13 2 6.87980283
14 2 -70.8934036
15 2 3.87685493
16 2 -24214.5097
17 2 -1224.06751
18 2 33317.5975
19 2 8.49193342
20 2 -71.929342
21 2 4.96143526
22 2 -24944.5743
23 2 -640.404073
24 2 32576.2944
25 2 7.830909
26 2 -60.5590431
27 2 5.00670406
28 2 -19313.296
29 2 -37.1258487
30 2 23201.8831
31 2 7.54477326
32 2 -42.6179183
33 2 3.06540409
34 2 -8325.9312
35 2 -1091.15812
36 2 10395.6577
37 2 5.26014323
38 2 -25.519987
39 2 1.62742374
40 2 -3982.01127
41 2 -887.741204
42 2 4823.94085
43 2 5.07345821
44 2 -22.0251573
45 2 0.456041896
46 2 -3672.5575
47 2 -1633.17384
48 2 4133.26626
49 2 3.40666046
50 2 -13.2956913
51 2 1.46532236
52 2 -691.659703
53 2 -193.92506
54 2 984.915899
55 2 1.79477666
56 2 -7.42708742
57 2 1.03357156
58 2 5.24489165
59 2 0.383959055
60 2 -6.91132017
61 2 1.92651854
62 2 -7.82027385
63 2 1.14495398
64 2 2.3063346
65 2 0.471637284
66 2 -3.62369816
67 2 1.46973954
68 2 -5.95938756
69 2 0.867824116
70 2 1.09991121
71 2 0.401579078
72 2 -2.12490577
1 3 -96.2274973
2 3 0.826619405
3 3 122.857281
4 3 -4458.832
5 3 50253.2799
6 3 805.592694
7 3 18.0602975
8 3 2.09099
9 3 -23.304342
10 3 1561.52526
11 3 -17414.4407
12 3 743.451921
13 3 11.6804842
14 3 3.99997943
15 3 -16.7473123
16 3 3257.57961
17 3 -9127.03758
18 3 -1828.317
19 3 8.40731872
20 3 3.25610786
21 3 -13.5154637
22 3 2230.84376
23 3 -4846.25002
24 3 -2159.35321
25 3 3.2502099
26 3 1.5077763
27 3 -6.63650054
28 3 673.318274
29 3 1455.24173
30 3 -1833.67829
31 3 3.56994823
32 3 -1.93876158
33 3 -4.73782435
34 3 -896.511228
35 3 -143.953446
36 3 809.957958
37 3 3.03046717
38 3 -2.37086983
39 3 -3.52042724
40 3 -1192.10981
41 3 -150.319022
42 3 1246.91824
43 3 2.48752616
44 3 -4.128093
45 3 -2.9131297
46 3 -1960.99787
47 3 -67.1766197
48 3 2207.73028
49 3 2.16994144
50 3 -0.599698184
51 3 -2.39916107
52 3 -107.338723
53 3 59.8340714
54 3 105.977063
55 3 1.50092669
56 3 -0.300264953
57 3 -1.78230279
58 3 -0.414722593
59 3 2.49208863
60 3 -0.702130394
61 3 1.70132162
62 3 -0.442916356
63 3 -1.90854756
64 3 -0.472199433
65 3 1.04879644
66 3 -0.382842936
67 3 1.28212791
68 3 -0.444550369
69 3 -1.43922417
70 3 -0.438310803
71 3 0.46105759
72 3 -0.237333891
1 4 -8917.13104
2 4 133738.728
3 4 -4458.832
4 4 104178353
5 4 3188311.18
6 4 -115508494
7 4 311.561802
8 4 -27969.9025
9 4 1651.82523
10 4 -24628522.7
11 4 1514225.55
12 4 27216293.8
13 4 2651.85255
14 4 -24261.0238
15 4 2534.50728
16 4 -20128538.2
17 4 119340.962
18 4 22241411.2
19 4 3367.13746
20 4 -24883.3416
21 4 2319.61551
22 4 -20873795.6
23 4 -755481.769
24 4 23206719.1
25 4 3435.51723
26 4 -19089.4514
27 4 1892.95818
28 4 -14371964.6
29 4 -1652629.82
30 4 15977233.9
31 4 1564.08677
32 4 -8313.10001
33 4 96.9498624
34 4 -4249290.46
35 4 -944926.714
36 4 4434233.73
37 4 575.87136
38 4 -4131.03657
39 4 -470.751882
40 4 -2392724.94
41 4 -631592.836
42 4 2365968.8
43 4 530.176488
44 4 -4070.55302
45 4 -1064.97564
46 4 -2898803.44
47 4 -1271037.93
48 4 2877198.42
49 4 205.394356
50 4 -699.635422
51 4 -9.09080942
52 4 -176223.918
53 4 -52129.0279
54 4 256420.473
55 4 -1.13627233
56 4 5.02989453
57 4 -0.980577793
58 4 -3.97860495
59 4 0.0620092645
60 4 4.90734256
61 4 -0.902014196
62 4 2.39356362
63 4 -0.777197883
64 4 -6.76667836
65 4 -0.0323124588
66 4 7.89085947
67 4 -0.714523177
68 4 1.33975122
69 4 -0.644221893
70 4 -6.26826407
71 4 -0.137011596
72 4 7.27773729
1 5 -59365.9219
2 5 8111.53834
3 5 50253.2799
4 5 3188311.18
5 5 80229936.9
6 5 -7783945.8
7 5 21713.5248
8 5 -457.564242
9 5 -17348.0582
10 5 1919250.81
11 5 -33985370.2
12 5 3076235.01
13 5 11002.4474
14 5 860.814734
15 5 -9288.52182
16 5 2288821.77
17 5 -16105485.5
18 5 1525933.77
19 5 5929.2859
20 5 122.700755
21 5 -4856.4856
22 5 1625.53788
23 5 -7384916.81
24 5 138761.855
25 5 -1592.21915
26 5 -1260.14478
27 5 1707.93745
28 5 -3411601.71
29 5 5636292.54
30 5 -630920.129
31 5 172.006314
32 5 -2374.82799
33 5 112.162712
34 5 -1591996.74
35 5 -83981.4568
36 5 809852.562
37 5 62.0871354
38 5 -1906.27018
39 5 -60.4278006
40 5 -1102760.58
41 5 -21799.4884
42 5 1208716.91
43 5 -417.683408
44 5 -3019.64708
45 5 24.3982919
46 5 -1961846.2
47 5 298733.078
48 5 2380326.4
49 5 -4.67217586
50 5 -259.755288
51 5 89.089051
52 5 -71278.8702
53 5 17478.101
54 5 83261.9052
55 5 -2.46908405
56 5 1.09576518
57 5 2.40390277
58 5 0.0564841589
59 5 -3.92569634
60 5 1.98089101
61 5 -1.2665752
62 5 0.943625828
63 5 1.10524647
64 5 0.0539057537
65 5 -6.81044154
66 5 2.28115261
67 5 -0.838809777
68 5 0.774484613
69 5 0.597142369
70 5 0.0209928561
71 5 -6.31407136
72 5 2.08526621
1 6 18279.7501
2 6 -181654.504
3 6 805.592694
4 6 -115508494
5 6 -7783945.8
6 6 180520964
7 6 -4122.50686
8 6 41010.1337
9 6 70.7686594
10 6 27585516.5
11 6 2426813.54
12 6 -49558434.2
13 6 -5599.99019
14 6 33221.9885
15 6 -1121.99088
16 6 22059705.8
17 6 2906408.17
18 6 -35548945.6
19 6 -4580.97202
20 6 32624.3175
21 6 -2592.18607
22 6 23375691.4
23 6 186674.38
24 6 -33194282.1
25 6 -2339.92667
26 6 23337.5537
27 6 -3562.63603
28 6 16454864
29 6 -2282945.96
30 6 -18484913.9
31 6 -1375.21378
32 6 10438.7416
33 6 -609.480514
34 6 4481372.33
35 6 203893.93
36 6 -4755636.48
37 6 -947.618741
38 6 4740.51685
39 6 262.584066
40 6 2120209.72
41 6 663003.441
42 6 -2236337.73
43 6 -1021.40277
44 6 3989.74765
45 6 1093.81062
46 6 2382993.98
47 6 1660298.24
48 6 -2225454.85
49 6 -261.015834
50 6 957.649529
51 6 -10.0241305
52 6 246656.631
53 6 63621.4964
54 6 -353602.122
55 6 1.93453608
56 6 -6.68256188
57 6 0.778310916
58 6 4.94056334
59 6 0.78112709
60 6 -6.8614608
61 6 1.78996288
62 6 -3.74590765
63 6 0.451915036
64 6 7.92893692
65 6 0.147088267
66 6 -9.9580123
67 6 1.52469698
68 6 -2.41627965
69 6 0.329169691
70 6 7.28911297
71 6 0.0519248068
72 6 -9.09142146
1 7 -27.8139555
2 7 4.67506098
3 7 18.0602975
4 7 311.561802
5 7 21713.5248
6 7 -4122.50686
7 7 173.403699
8 7 -47.3538091
9 7 -102.938345
10 7 -8678.31764
11 7 -71002.4978
12 7 22878.1495
13 7 -26.0223571
14 7 4.64148264
15 7 16.6674913
16 7 256.44783
17 7 16654.9476
18 7 -3692.25572
19 7 -21.369871
20 7 7.55950044
21 7 11.6981009
22 7 2140.40778
23 7 12095.9987
24 7 -6078.27677
25 7 -13.3750026
26 7 6.34274218
27 7 7.47280934
28 7 2404.52058
29 7 5471.84538
30 7 -3952.86014
31 7 -9.16708109
32 7 6.58772395
33 7 5.29708008
34 7 1171.42063
35 7 1950.23898
36 7 -1388.04102
37 7 -6.63880259
38 7 6.37888426
39 7 3.82652249
40 7 776.819681
41 7 722.72395
42 7 -947.953216
43 7 -4.46054995
44 7 5.38097276
45 7 2.50398069
46 7 810.995489
47 7 138.167751
48 7 -864.253137
49 7 -2.6306336
50 7 2.16622971
51 7 1.78245384
52 7 68.7826339
53 7 8.08691963
54 7 -84.2515132
55 7 -1.82595545
56 7 1.40128484
57 7 1.35957624
58 7 -0.599500005
59 7 -2.36514697
60 7 1.90970703
61 7 -2.11585523
62 7 1.41216692
63 7 1.51405052
64 7 -0.651498885
65 7 -1.02024059
66 7 1.71633482
67 7 -1.45586166
68 7 0.936686698
69 7 1.04268653
70 7 -0.544411264
71 7 -0.403632338
72 7 1.36045617
1 8 3.44824652
2 8 -77.2007692
3 8 2.09099
4 8 -27969.9025
5 8 -457.564242
6 8 41010.1337
7 8 -47.3538091
8 8 540.395314
9 8 -1.87509636
10 8 135609.639
11 8 9937.75394
12 8 -186831.365
13 8 7.30090338
14 8 -84.4114108
15 8 4.51963386
16 8 -28725.3272
17 8 -339.538225
18 8 40814.4744
19 8 9.85747823
20 8 -69.3069311
21 8 4.06732923
22 8 -23670.0828
23 8 -1725.37162
24 8 32958.6263
25 8 9.18009273
26 8 -61.3280145
27 8 4.04322556
28 8 -19160.1942
29 8 -1049.63495
30 8 24857.2835
31 8 8.49150435
32 8 -46.4490691
33 8 2.26147742
34 8 -8236.4506
35 8 -1322.04494
36 8 10510.9327
37 8 7.29657948
38 8 -34.2047042
39 8 1.33723864
40 8 -4853.03037
41 8 -1082.11482
42 8 6279.01906
43 8 5.76510098
44 8 -25.1536249
45 8 -0.239049727
46 8 -5312.43315
47 8 -2264.87285
48 8 6042.56188
49 8 3.00830241
50 8 -11.106272
51 8 1.27468376
52 8 -212.886761
53 8 -78.5867087
54 8 279.579196
55 8 2.02343823
56 8 -7.95384791
57 8 1.01334822
58 8 5.57033474
59 8 0.561720812
60 8 -7.351413
61 8 2.17335853
62 8 -8.33923132
63 8 1.12523705
64 8 2.64144632
65 8 0.582503256
66 8 -4.0670669
67 8 1.55003277
68 8 -5.99000762
69 8 0.791539691
70 8 1.12828364
71 8 0.44601536
72 8 -2.20619578
1 9 17.8977292
2 9 3.13961996
3 9 -23.304342
4 9 1651.82523
5 9 -17348.0582
6 9 70.7686594
7 9 -102.938345
8 9 -1.87509636
9 9 131.027629
10 9 -4905.6316
11 9 58691.9307
12 9 -1259.4363
13 9 16.6775225
14 9 5.18068381
15 9 -22.6162658
16 9 3125.8272
17 9 -14252.3482
18 9 -1690.5699
19 9 11.891408
20 9 2.7515973
21 9 -16.7144185
22 9 2419.21093
23 9 -9605.00876
24 9 -621.389562
25 9 7.80685192
26 9 1.88246036
27 9 -11.6510898
28 9 1547.20588
29 9 -4447.17529
30 9 -875.601585
31 9 5.93438001
32 9 -1.32471448
33 9 -7.82416839
34 9 -460.241013
35 9 -1561.98704
36 9 743.020343
37 9 4.65299032
38 9 -3.22338494
39 9 -5.43851627
40 9 -1324.41125
41 9 -664.784571
42 9 1444.87258
43 9 3.39283984
44 9 -4.6165322
45 9 -4.17813995
46 9 -2848.01604
47 9 -961.444555
48 9 2973.25478
49 9 2.104624
50 9 -0.252957742
51 9 -2.44191332
52 9 -26.1640612
53 9 8.66870711
54 9 22.7501295
55 9 1.61110591
56 9 -0.250227576
57 9 -1.92248444
58 9 -0.491066864
59 9 2.65929935
60 9 -0.693198867
61 9 1.81023834
62 9 -0.39323639
63 9 -2.04721026
64 9 -0.51999052
65 9 1.21986311
66 9 -0.409070065
67 9 1.27315863
68 9 -0.400727261
69 9 -1.44735607
70 9 -0.445754984
71 9 0.479051114
72 9 -0.23393889
1 10 -278.935102
2 10 -28088.7674
3 10 1561.52526
4 10 -24628522.7
5 10 1919250.81
6 10 27585516.5
7 10 -8678.31764
8 10 135609.639
9 10 -4905.6316
10 10 109087251
11 10 2149486.93
12 10 -120821977
13 10 1576.37343
14 10 -28604.413
15 10 2458.32453
16 10 -23829460.8
17 10 706294.233
18 10 27224815.4
19 10 3023.22908
20 10 -23578.9161
21 10 2508.87178
22 10 -20603386.9
23 10 -240879.866
24 10 22706529.4
25 10 3047.46138
26 10 -19007.3991
27 10 2054.65601
28 10 -14692436.6
29 10 -892184.911
30 10 15872452.4
31 10 1428.69124
32 10 -8246.62511
33 10 54.0228575
34 10 -4242455.74
35 10 -827051.825
36 10 4300273.95
37 10 736.090487
38 10 -4946.9712
39 10 -574.896426
40 10 -2573969.66
41 10 -664311.702
42 10 2675060.72
43 10 600.134199
44 10 -5805.02771
45 10 -1933.69008
46 10 -5029645.09
47 10 -2289183.12
48 10 5193199.47
49 10 85.5032412
50 10 -214.447811
51 10 -1.22117662
52 10 -43267.2629
53 10 -16809.1264
54 10 57543.0444
55 10 -1.23151818
56 10 5.36464152
57 10 -1.02951402
58 10 -4.20657712
59 10 0.0293157989
60 10 5.17338195
61 10 -0.997995852
62 10 2.74028469
63 10 -0.836257089
64 10 -6.95199805
65 10 -0.0816024321
66 10 8.11367472
67 10 -0.731018454
68 10 1.37928729
69 10 -0.64094251
70 10 -6.24529493
71 10 -0.178726237
72 10 7.27060108
1 11 21490.144
2 11 -387.636197
3 11 -17414.4407
4 11 1514225.55
5 11 -33985370.2
6 11 2426813.54
7 11 -71002.4978
8 11 9937.75394
9 11 58691.9307
10 11 2149486.93
11 11 101652560
12 11 -12281369.7
13 11 16810.8081
14 11 1288.92197
15 11 -14248.9071
16 11 2202209.87
17 11 -24772818
18 11 770703.057
19 11 12328.5535
20 11 -1531.62583
21 11 -9587.24579
22 11 150238.741
23 11 -17510061.4
24 11 3566796.43
25 11 5744.41805
26 11 -1442.35173
27 11 -4332.70847
28 11 -1377779.55
29 11 -6349355.18
30 11 1989280.87
31 11 2126.70218
32 11 -1875.35907
33 11 -1417.14582
34 11 -947359.759
35 11 -2014154.34
36 11 573276.081
37 11 907.558013
38 11 -2210.19959
39 11 -524.128402
40 11 -937736.258
41 11 -1018349.38
42 11 614051.951
43 11 297.233093
44 11 -3790.77833
45 11 -823.174375
46 11 -3000005.4
47 11 -1284081.76
48 11 2986654.08
49 11 18.9048888
50 11 -90.7757789
51 11 18.1251732
52 11 -19878.3635
53 11 -411.351914
54 11 22573.78
55 11 -2.67546829
56 11 1.24258021
57 11 2.56347296
58 11 0.00513779063
59 11 -4.17314765
60 11 2.16647332
61 11 -1.48065163
62 11 1.06158916
63 11 1.27424637
64 11 -0.040168745
65 11 -7.00881424
66 11 2.51249297
67 11 -0.878057659
68 11 0.806228617
69 11 0.614022073
70 11 -0.0679128723
71 11 -6.30193271
72 11 2.20803769
1 12 -4013.2498
2 12 40815.612
3 12 743.451921
4 12 27216293.8
5 12 3076235.01
6 12 -49558434.2
7 12 22878.1495
8 12 -186831.365
9 12 -1259.4363
10 12 -120821977
11 12 -12281369.7
12 12 196022069
13 12 -4658.90897
14 12 40933.3571
15 12 -1086.48769
16 12 27525284
17 12 1747964.7
18 12 -46131345
19 12 -6515.61283
20 12 33015.3894
21 12 -1282.85573
22 12 22892579
23 12 2906171.27
24 12 -37510780.9
25 12 -4393.68371
26 12 24936.4754
27 12 -2086.00169
28 12 16183610.4
29 12 684767.378
30 12 -23037086.8
31 12 -1584.20846
32 12 10539.7928
33 12 -138.903572
34 12 4381709.18
35 12 228791.741
36 12 -5601713.43
37 12 -789.44853
38 12 6277.0997
39 12 342.511247
40 12 2659849.57
41 12 82883.5222
42 12 -3411614.74
43 12 -622.239208
44 12 6049.91219
45 12 1672.44688
46 12 4688538.17
47 12 1924839.08
48 12 -5018281.16
49 12 -103.732182
50 12 266.187318
51 12 -6.09948063
52 12 54549.9613
53 12 18897.6438
54 12 -71295.2894
55 12 2.18398216
56 12 -7.12085097
57 12 0.698342337
58 12 5.19791944
59 12 1.03233136
60 12 -7.27466398
61 12 1.99795603
62 12 -4.2037394
63 12 0.431589765
64 12 8.11987179
65 12 0.520108987
66 12 -10.3139381
67 12 1.59371062
68 12 -2.51716761
69 12 0.292254237
70 12 7.25099674
71 12 0.353563418
72 12 -9.16478481
1 13 -19.8038558
2 13 6.87980283
3 13 11.6804842
4 13 2651.85255
5 13 11002.4474
6 13 -5599.99019
7 13 -26.0223571
8 13 7.30090338
9 13 16.6775225
10 13 1576.37343
11 13 16810.8081
12 13 -4658.90897
13 13 194.405882
14 13 -60.2052296
15 13 -112.971331
16 13 -9159.2156
17 13 -79250.1599
18 13 25389.0589
19 13 -35.2561077
20 13 7.95376451
21 13 20.8558529
22 13 -1890.76553
23 13 27794.7254
24 13 -2412.19786
25 13 -23.600076
26 13 9.6767195
27 13 14.4647392
28 13 277.211601
29 13 14189.9827
30 13 -5571.79729
31 13 -14.3035439
32 13 8.51397526
33 13 8.79211675
34 13 1516.15647
35 13 4523.15072
36 13 -2050.36182
37 13 -9.18625735
38 13 8.1652829
39 13 6.27919704
40 13 2003.20997
41 13 795.846032
42 13 -3601.48513
43 13 -5.87289042
44 13 5.3578167
45 13 3.36324493
46 13 1248.01762
47 13 858.379032
48 13 -306.726374
49 13 -3.09887159
50 13 2.37164556
51 13 2.07520581
52 13 49.5287913
53 13 76.8393059
54 13 -96.0028708
55 13 -1.73933113
56 13 1.3522415
57 13 1.24433901
58 13 -0.613336422
59 13 -2.19813865
60 13 1.78988024
61 13 -1.81266416
62 13 1.24213942
63 13 1.30915606
64 13 -0.629895841
65 13 -0.956248489
66 13 1.60715832
67 13 -1.33834745
68 13 0.841078433
69 13 0.926489238
70 13 -0.465711892
71 13 -0.244675744
72 13 1.12883907
1 14 3.08941522
2 14 -70.8934036
3 14 3.99997943
4 14 -24261.0238
5 14 860.814734
6 14 33221.9885
7 14 4.64148264
8 14 -84.4114108
9 14 5.18068381
10 14 -28604.413
11 14 1288.92197
12 14 40933.3571
13 14 -60.2052296
14 14 606.886608
15 14 -5.08473452
16 14 162010.184
17 14 13854.6994
18 14 -225252.106
19 14 10.5706402
20 14 -101.584706
21 14 2.45253079
22 14 -37704.3759
23 14 -123.173918
24 14 59001.0449
25 14 14.4217461
26 14 -84.7389318
27 14 -0.248932242
28 14 -29739.047
29 14 -6581.05286
30 14 42566.8206
31 14 11.9179489
32 14 -58.1206018
33 14 0.0958659395
34 14 -13012.0295
35 14 -4344.83044
36 14 16890.812
37 14 10.2437775
38 14 -41.5593474
39 14 -0.924182165
40 14 -6963.07822
41 14 -5413.39631
42 14 7382.10391
43 14 6.87938263
44 14 -24.0466742
45 14 -0.0452934194
46 14 -3737.46174
47 14 -2188.55626
48 14 4593.73348
49 14 3.17475601
50 14 -11.0843642
51 14 1.09140382
52 14 -205.783941
53 14 -111.075333
54 14 290.4973
55 14 1.80814811
56 14 -6.91818086
57 14 0.797784743
58 14 4.83140322
59 14 0.63063691
60 14 -6.18088513
61 14 1.78394615
62 14 -7.00841714
63 14 0.825350423
64 14 2.1016841
65 14 0.615304817
66 14 -3.12647351
67 14 1.29306157
68 14 -5.0188174
69 14 0.595796392
70 14 0.491118214
71 14 0.402523836
72 14 -1.16867039
1 15 11.8476433
2 15 3.87685493
3 15 -16.7473123
4 15 2534.50728
5 15 -9288.52182
6 15 -1121.99088
7 15 16.6674913
8 15 4.51963386
9 15 -22.6162658
10 15 2458.32453
11 15 -14248.9071
12 15 -1086.48769
13 15 -112.971331
14 15 -5.08473452
15 15 148.262358
16 15 -4464.29649
17 15 67236.4902
18 15 -4695.48375
19 15 20.8625707
20 15 3.04296561
21 15 -27.2175614
22 15 3095.45632
23 15 -21416.6038
24 15 -1002.79456
25 15 14.3930278
26 15 0.657827852
27 15 -20.6890276
28 15 1081.22167
29 15 -11709.3911
30 15 1861.88228
31 15 9.05104834
32 15 -1.08436721
33 15 -13.3154574
34 15 -1413.48068
35 15 -4089.82265
36 15 2374.458
37 15 6.6476759
38 15 -3.86079337
39 15 -9.4801514
40 15 -3386.16136
41 15 -1887.32992
42 15 5168.99118
43 15 4.24073532
44 15 -1.87964032
45 15 -5.27136577
46 15 -1246.29163
47 15 -1222.13774
48 15 754.293483
49 15 2.33883767
50 15 -0.087480204
51 15 -2.68514798
52 15 -0.0340996678
53 15 -54.8582072
54 15 20.9195924
55 15 1.45002427
56 15 -0.154638012
57 15 -1.71231242
58 15 -0.477217754
59 15 2.33417458
60 15 -0.548305971
61 15 1.53439854
62 15 -0.301606328
63 15 -1.74176139
64 15 -0.513844384
65 15 0.978372627
66 15 -0.295001847
67 15 1.10290443
68 15 -0.293486783
69 15 -1.23914664
70 15 -0.406000576
71 15 0.185101243
72 15 -0.103119563
1 16 669.709399
2 16 -24214.5097
3 16 3257.57961
4 16 -20128538.2
5 16 2288821.77
6 16 22059705.8
7 16 256.44783
8 16 -28725.3272
9 16 3125.8272
10 16 -23829460.8
11 16 2202209.87
12 16 27525284
13 16 -9159.2156
14 16 162010.184
15 16 -4464.29649
16 16 141228350
17 16 8245475.24
18 16 -162445007
19 16 120.934602
20 16 -37650.2706
21 16 1989.18976
22 16 -35963022
23 16 1905853.9
24 16 44227330.3
25 16 3295.22404
26 16 -29922.9833
27 16 -437.922543
28 16 -27638380.6
29 16 -4285075.18
30 16 32393047.1
31 16 2335.10405
32 16 -13390.0411
33 16 -1467.20604
34 16 -10989073.3
35 16 -4303821.64
36 16 12681153.9
37 16 1882.22546
38 16 -7846.398
39 16 -2558.12677
40 16 -6967041.32
41 16 -5139293.78
42 16 6869914.22
43 16 1475.14991
44 16 -3743.5471
45 16 -1325.68325
46 16 -2939819.84
47 16 -2467786.49
48 16 3447725.81
49 16 93.2392035
50 16 -215.583052
51 16 -8.54435201
52 16 -42423.8795
53 16 -19940.2027
54 16 57937.2155
55 16 -1.08091926
56 16 4.67434641
57 16 -0.884867145
58 16 -3.71377826
59 16 -0.0242750532
60 16 4.39673657
61 16 -0.881332855
62 16 2.21963953
63 16 -0.739536912
64 16 -6.43298397
65 16 -0.142678177
66 16 7.34582187
67 16 -0.556951546
68 16 0.754698726
69 16 -0.509212269
70 16 -5.77940505
71 16 -0.232815151
72 16 6.55723535
1 17 11015.2833
2 17 -1224.06751
3 17 -9127.03758
4 17 119340.962
5 17 -16105485.5
6 17 2906408.17
7 17 16654.9476
8 17 -339.538225
9 17 -14252.3482
10 17 706294.233
11 17 -24772818
12 17 1747964.7
13 17 -79250.1599
14 17 13854.6994
15 17 67236.4902
16 17 8245475.24
17 17 121363313
18 17 -19883201.7
19 17 28050.8243
20 17 2489.62539
21 17 -21504.0039
22 17 5052933.2
23 17 -46852934.9
24 17 -4726993.25
25 17 14500.4465
26 17 -2757.92319
27 17 -11939.4415
28 17 -22940.7835
29 17 -22201490.8
30 17 4916409.28
31 17 4561.94392
32 17 -3960.12264
33 17 -4087.27477
34 17 -4447438.7
35 17 -5572271.87
36 17 4916448.92
37 17 533.286179
38 17 -7178.314
39 17 -1998.01273
40 17 -7316903.63
41 17 -559850.529
42 17 11542758.8
43 17 1141.74204
44 17 -1937.18004
45 17 -842.055835
46 17 -2235812.76
47 17 -1762556.97
48 17 547695.687
49 17 80.6691343
50 17 -73.7604412
51 17 -55.348364
52 17 -9963.51123
53 17 -28222.0875
54 17 23904.046
55 17 -2.44592883
56 17 1.12053577
57 17 2.25276738
58 17 -0.0359182598
59 17 -3.70853
60 17 1.94592573
61 17 -1.34630096
62 17 0.932687222
63 17 1.03677505
64 17 -0.115796228
65 17 -6.49587898
66 17 2.29598467
67 17 -0.628530051
68 17 0.603937105
69 17 0.323272721
70 17 -0.131914318
71 17 -5.8295088
72 17 1.98621879
1 18 -4217.00142
2 18 33317.5975
3 18 -1828.317
4 18 22241411.2
5 18 1525933.77
6 18 -35548945.6
7 18 -3692.25572
8 18 40814.4744
9 18 -1690.5699
10 18 27224815.4
11 18 770703.057
12 18 -46131345
13 18 25389.0589
14 18 -225252.106
15 18 -4695.48375
16 18 -162445007
17 18 -19883201.7
18 18 264205513
19 18 -3724.94107
20 18 59260.4992
21 18 419.400516
22 18 44758854.9
23 18 -1870774.84
24 18 -87357809.7
25 18 -7754.80313
26 18 42601.2301
27 18 3946.33677
28 18 32463220.7
29 18 8994951.05
30 18 -55440201.6
31 18 -2652.76604
32 18 16900.3517
33 18 2076.31417
34 18 12290994.5
35 18 4053325.79
36 18 -16182325
37 18 -3285.04784
38 18 6916.68914
39 18 3492.02949
40 18 4921528.23
41 18 7766332.75
42 18 -2574071.57
43 18 -700.730229
44 18 4791.82525
45 18 683.432244
46 18 3848415.93
47 18 997855.471
48 18 -3524846.73
49 18 -131.842621
50 18 271.107939
51 18 22.5457597
52 18 51594.4004
53 18 30221.1564
54 18 -74944.1325
55 18 1.9570105
56 18 -6.00298436
57 18 0.476323223
58 18 4.40942217
59 18 1.11169372
60 18 -6.02149593
61 18 1.78803327
62 18 -3.27190619
63 18 0.273771616
64 18 7.32134318
65 18 0.69775357
66 18 -9.10031903
67 18 1.26619612
68 18 -1.48190215
69 18 0.150082999
70 18 6.50351369
71 18 0.51087067
72 18 -8.00295352
1 19 -16.3173388
2 19 8.49193342
3 19 8.40731872
4 19 3367.13746
5 19 5929.2859
6 19 -4580.97202
7 19 -21.369871
8 19 9.85747823
9 19 11.891408
10 19 3023.22908
11 19 12328.5535
12 19 -6515.61283
13 19 -35.2561077
14 19 10.5706402
15 19 20.8625707
16 19 120.934602
17 19 28050.8243
18 19 -3724.94107
19 19 210.229683
20 19 -67.8233606
21 19 -118.00514
22 19 -7698.05929
23 19 -85336.1638
24 19 19701.3938
25 19 -37.0598232
26 19 6.50439921
27 19 22.3304507
28 19 -5240.16922
29 19 29238.5645
30 19 2247.18715
31 19 -19.5203255
32 19 9.59497896
33 19 12.7103035
34 19 1391.29163
35 19 8353.98281
36 19 -2829.50259
37 19 -10.6928484
38 19 7.28763495
39 19 7.65234099
40 19 1630.91535
41 19 2533.9392
42 19 -2611.41949
43 19 -7.22974651
44 19 4.9024885
45 19 4.51518319
46 19 1277.41865
47 19 1556.12305
48 19 -690.076252
49 19 -3.45962175
50 19 2.83021489
51 19 2.60654854
52 19 82.3282773
53 19 331.069175
54 19 -236.462114
55 19 -1.97355755
56 19 1.77516254
57 19 1.37161445
58 19 -0.842072186
59 19 -2.48916749
60 19 2.28898831
61 19 -2.27287651
62 19 1.80730547
63 19 1.51660299
64 19 -0.77057169
65 19 -1.1453637
66 19 1.95355682
67 19 -1.56209455
68 19 1.2216431
69 19 1.03926722
70 19 -0.599990604
71 19 -0.506856385
72 19 1.51373993
1 20 4.60056516
2 20 -71.929342
3 20 3.25610786
4 20 -24883.3416
5 20 122.700755
6 20 32624.3175
7 20 7.55950044
8 20 -69.3069311
9 20 2.7515973
10 20 -23578.9161
11 20 -1531.62583
12 20 33015.3894
13 20 7.95376451
14 20 -101.584706
15 20 3.04296561
16 20 -37650.2706
17 20 2489.62539
18 20 59260.4992
19 20 -67.8233606
20 20 644.175815
21 20 -11.7243277
22 20 175192.523
23 20 10302.746
24 20 -239051.147
25 20 10.4187322
26 20 -105.721635
27 20 0.801336926
28 20 -41353.1074
29 20 -653.257986
30 20 60435.7915
31 20 12.6039198
32 20 -66.4294631
33 20 -0.643472344
34 20 -17575.6959
35 20 -6684.4626
36 20 21097.3178
37 20 9.4005828
38 20 -43.0777952
39 20 -0.926029872
40 20 -8043.79641
41 20 -5823.30606
42 20 8260.08036
43 20 6.70444914
44 20 -25.3638007
45 20 0.992208672
46 20 -2735.61008
47 20 -1382.2711
48 20 3638.45556
49 20 3.81518706
50 20 -14.1494106
51 20 0.888086436
52 20 -676.15524
53 20 -295.692959
54 20 1015.02565
55 20 2.21965178
56 20 -8.07709218
57 20 0.834243683
58 20 5.6054546
59 20 0.846084826
60 20 -7.53701813
61 20 2.38388232
62 20 -8.45647757
63 20 0.941976404
64 20 2.70204929
65 20 0.742512594
66 20 -4.25991933
67 20 1.70512233
68 20 -6.0758073
69 20 0.65552025
70 20 1.18680118
71 20 0.536071301
72 20 -2.3704297
1 21 8.34899576
2 21 4.96143526
3 21 -13.5154637
4 21 2319.61551
5 21 -4856.4856
6 21 -2592.18607
7 21 11.6981009
8 21 4.06732923
9 21 -16.7144185
10 21 2508.87178
11 21 -9587.24579
12 21 -1282.85573
13 21 20.8558529
14 21 2.45253079
15 21 -27.2175614
16 21 1989.18976
17 21 -21504.0039
18 21 419.400516
19 21 -118.00514
20 21 -11.7243277
21 21 156.734052
22 21 -2958.17012
23 21 70816.2624
24 21 -2604.68673
25 21 22.5436232
26 21 2.14000322
27 21 -29.5340023
28 21 1570.86718
29 21 -22812.0979
30 21 344.746497
31 21 12.5678196
32 21 -1.36016758
33 21 -18.6858715
34 21 -3165.29766
35 21 -8235.52401
36 21 4886.55601
37 21 7.88912209
38 21 -2.70988788
39 21 -11.7370109
40 21 -3549.65465
41 21 -3998.22864
42 21 4376.2201
43 21 4.96130338
44 21 -0.0911032646
45 21 -6.4437465
46 21 2.80752155
47 21 -982.463418
48 21 -184.081951
49 21 2.83768062
50 21 -0.16616942
51 21 -3.47107789
52 21 40.9997496
53 21 -359.290907
54 21 75.2921979
55 21 1.60232608
56 21 -0.148446576
57 21 -1.95664851
58 21 -0.575081874
59 21 2.68636707
60 21 -0.610865996
61 21 1.79626672
62 21 -0.281021931
63 21 -2.08039374
64 21 -0.55761451
65 21 1.25729687
66 21 -0.377894951
67 21 1.26127769
68 21 -0.322858164
69 21 -1.46737923
70 21 -0.461950442
71 21 0.513541731
72 21 -0.227384608
1 22 1908.46497
2 22 -24944.5743
3 22 2230.84376
4 22 -20873795.6
5 22 1625.53788
6 22 23375691.4
7 22 2140.40778
8 22 -23670.0828
9 22 2419.21093
10 22 -20603386.9
11 22 150238.741
12 22 22892579
13 22 -1890.76553
14 22 -37704.3759
15 22 3095.45632
16 22 -35963022
17 22 5052933.2
18 22 44758854.9
19 22 -7698.05929
20 22 175192.523
21 22 -2958.17012
22 22 165472570
23 22 11558714.5
24 22 -185066431
25 22 -1837.71263
26 22 -41012.6189
27 22 -514.125111
28 22 -43660867.8
29 22 -7046.9204
30 22 49470890.5
31 22 2267.92522
32 22 -18261.1291
33 22 -3275.24471
34 22 -19375225.9
35 22 -8993716.1
36 22 19330848
37 22 2051.12604
38 22 -8578.1513
39 22 -3413.67693
40 22 -9526697.58
41 22 -7109034.16
42 22 8681606.07
43 22 1505.24962
44 22 -2729.44605
45 22 -138.605011
46 22 -1455581.83
47 22 -1376282.17
48 22 2012736.79
49 22 209.14952
50 22 -704.977704
51 22 -12.1475317
52 22 -176849.514
53 22 -55849.2906
54 22 257841.105
55 22 -1.28809603
56 22 5.43745725
57 22 -1.00149687
58 22 -4.25810214
59 22 -0.0371300222
60 22 5.26977397
61 22 -1.04273954
62 22 2.83045674
63 22 -0.822864289
64 22 -6.95065033
65 22 -0.175152349
66 22 8.15445983
67 22 -0.765826832
68 22 1.45871171
69 22 -0.636309756
70 22 -6.22932448
71 22 -0.259792256
72 22 7.29020635
1 23 5811.14471
2 23 -640.404073
3 23 -4846.25002
4 23 -755481.769
5 23 -7384916.81
6 23 186674.38
7 23 12095.9987
8 23 -1725.37162
9 23 -9605.00876
10 23 -240879.866
11 23 -17510061.4
12 23 2906171.27
13 23 27794.7254
14 23 -123.173918
15 23 -21416.6038
16 23 1905853.9
17 23 -46852934.9
18 23 -1870774.84
19 23 -85336.1638
20 23 10302.746
21 23 70816.2624
22 23 11558714.5
23 23 140006650
24 23 -10302789.4
25 23 29939.144
26 23 4243.0515
27 23 -22726.6514
28 23 6131111.96
29 23 -52362446.4
30 23 -6714537.03
31 23 8208.07304
32 23 -6480.94099
33 23 -8540.82044
34 23 -9374154.17
35 23 -13301085.1
36 23 9508864.5
37 23 2535.13343
38 23 -6112.61423
39 23 -4028.57962
40 23 -7458470.66
41 23 -5584803.45
42 23 8883636.21
43 23 1633.73811
44 23 -1034.84365
45 23 -797.072485
46 23 -1413141.14
47 23 -1225749.91
48 23 375734.584
49 23 335.021031
50 23 -164.277848
51 23 -369.470719
52 23 -7402.04182
53 23 -207894.836
54 23 84219.9194
55 23 -2.7653132
56 23 1.40686976
57 23 2.59136043
58 23 -0.0979090754
59 23 -4.27465564
60 23 2.3578646
61 23 -1.57171233
62 23 1.16217234
63 23 1.31427423
64 23 -0.211173519
65 23 -7.04707131
66 23 2.76982629
67 23 -0.955359789
68 23 0.870534791
69 23 0.649341436
70 23 -0.221248196
71 23 -6.31671913
72 23 2.43495285
1 24 -3447.94366
2 24 32576.2944
3 24 -2159.35321
4 24 23206719.1
5 24 138761.855
6 24 -33194282.1
7 24 -6078.27677
8 24 32958.6263
9 24 -621.389562
10 24 22706529.4
11 24 3566796.43
12 24 -37510780.9
13 24 -2412.19786
14 24 59001.0449
15 24 -1002.79456
16 24 44227330.3
17 24 -4726993.25
18 24 -87357809.7
19 24 19701.3938
20 24 -239051.147
21 24 -2604.68673
22 24 -185066431
23 24 -10302789.4
24 24 297868244
25 24 -101.025214
26 24 61120.1778
27 24 3179.98359
28 24 50962167.1
29 24 -866976.218
30 24 -90974622.1
31 24 -3215.59542
32 24 20914.4351
33 24 4607.0381
34 24 18219110.3
35 24 8092328.43
36 24 -24600932
37 24 -2724.08814
38 24 8032.23715
39 24 3876.08315
40 24 7764217.69
41 24 7679378.72
42 24 -7747162.96
43 24 -986.387316
44 24 3647.26068
45 24 -168.344532
46 24 2155611.18
47 24 461486.025
48 24 -1914499.68
49 24 -351.196878
50 24 976.086372
51 24 95.804569
52 24 238340.964
53 24 117583.016
54 24 -368125.355
55 24 2.46932301
56 24 -7.34254549
57 24 0.473163418
58 24 5.29024776
59 24 1.44301625
60 24 -7.6086453
61 24 2.1954409
62 24 -4.44479048
63 24 0.305738687
64 24 8.12710206
65 24 1.13284103
66 24 -10.5746587
67 24 1.73869096
68 24 -2.72349766
69 24 0.220529844
70 24 7.23510946
71 24 0.899082356
72 24 -9.37057891
1 25 -7.7070976
2 25 7.830909
3 25 3.2502099
4 25 3435.51723
5 25 -1592.21915
6 25 -2339.92667
7 25 -13.3750026
8 25 9.18009273
9 25 7.80685192
10 25 3047.46138
11 25 5744.41805
12 25 -4393.68371
13 25 -23.600076
14 25 14.4217461
15 25 14.3930278
16 25 3295.22404
17 25 14500.4465
18 25 -7754.80313
19 25 -37.0598232
20 25 10.4187322
21 25 22.5436232
22 25 -1837.71263
23 25 29939.144
24 25 -101.025214
25 25 210.655346
26 25 -82.8853775
27 25 -116.445393
28 25 -8758.06926
29 25 -76471.3488
30 25 14221.7735
31 25 -38.1570777
32 25 12.9641445
33 25 22.2617599
34 25 -2022.33534
35 25 22164.7037
36 25 3182.15358
37 25 -17.8103273
38 25 9.81739007
39 25 13.1114615
40 25 1111.60374
41 25 7133.28486
42 25 -1093.57244
43 25 -10.3830497
44 25 4.94410727
45 25 6.988289
46 25 -52.7381723
47 25 3307.51932
48 25 -848.294783
49 25 -3.49656529
50 25 2.91431639
51 25 2.45284181
52 25 21.3682884
53 25 182.37453
54 25 -114.687003
55 25 -2.06827799
56 25 1.99149726
57 25 1.38862497
58 25 -0.97994131
59 25 -2.57577751
60 25 2.51261703
61 25 -2.0890634
62 25 1.9618485
63 25 1.24074216
64 25 -0.834425889
65 25 -2.10892959
66 25 2.2104233
67 25 -1.33178114
68 25 1.30082347
69 25 0.746161226
70 25 -0.63138493
71 25 -1.53778292
72 25 1.75135193
1 26 4.59875881
2 26 -60.5590431
3 26 1.5077763
4 26 -19089.4514
5 26 -1260.14478
6 26 23337.5537
7 26 6.34274218
8 26 -61.3280145
9 26 1.88246036
10 26 -19007.3991
11 26 -1442.35173
12 26 24936.4754
13 26 9.6767195
14 26 -84.7389318
15 26 0.657827852
16 26 -29922.9833
17 26 -2757.92319
18 26 42601.2301
19 26 6.50439921
20 26 -105.721635
21 26 2.14000322
22 26 -41012.6189
23 26 4243.0515
24 26 61120.1778
25 26 -82.8853775
26 26 665.689589
27 26 -17.8076024
28 26 167310.618
29 26 10263.8914
30 26 -221531.903
31 26 16.5411716
32 26 -106.698451
33 26 0.922777732
34 26 -29755.746
35 26 -4234.00068
36 26 38215.1323
37 26 13.6972567
38 26 -64.314504
39 26 0.439689164
40 26 -13039.6768
41 26 -5469.00182
42 26 14448.1442
43 26 7.51380052
44 26 -30.2622495
45 26 1.54385025
46 26 -3300.01844
47 26 -825.526682
48 26 3847.26904
49 26 3.51860269
50 26 -12.5580061
51 26 0.9329011
52 26 -218.083567
53 26 -95.4688296
54 26 306.34472
55 26 2.33283603
56 26 -8.15393344
57 26 0.733311368
58 26 5.62988787
59 26 1.00878183
60 26 -7.64940443
61 26 2.36682316
62 26 -7.27971966
63 26 0.765922311
64 26 4.61915348
65 26 0.875810773
66 26 -6.43167609
67 26 1.62665624
68 26 -4.82482576
69 26 0.503692558
70 26 3.28850069
71 26 0.677372836
72 26 -4.73746234
1 27 2.87211587
2 27 5.00670406
3 27 -6.63650054
4 27 1892.95818
5 27 1707.93745
6 27 -3562.63603
7 27 7.47280934
8 27 4.04322556
9 27 -11.6510898
10 27 2054.65601
11 27 -4332.70847
12 27 -2086.00169
13 27 14.4647392
14 27 -0.248932242
15 27 -20.6890276
16 27 -437.922543
17 27 -11939.4415
18 27 3946.33677
19 27 22.3304507
20 27 0.801336926
21 27 -29.5340023
22 27 -514.125111
23 27 -22726.6514
24 27 3179.98359
25 27 -116.445393
26 27 -17.8076024
27 27 157.363822
28 27 1954.66877
29 27 63794.3587
30 27 -1505.82216
31 27 22.0450173
32 27 1.98168764
33 27 -32.7775625
34 27 -4355.09991
35 27 -18928.9258
36 27 2636.86118
37 27 13.7283541
38 27 1.06939473
39 27 -19.4310926
40 27 -2243.72998
41 27 -9335.86014
42 27 39.966519
43 27 7.05110279
44 27 1.507557
45 27 -9.06452499
46 27 784.941146
47 27 -2089.57827
48 27 -365.128418
49 27 2.64868152
50 27 0.0548032514
51 27 -3.25378462
52 27 46.00063
53 27 -166.23174
54 27 19.9239371
55 27 1.59853203
56 27 -0.0912626696
57 27 -1.97746907
58 27 -0.62298309
59 27 2.70367715
60 27 -0.564782445
61 27 1.48931557
62 27 -0.1299486
63 27 -1.78978863
64 27 -0.496407029
65 27 2.23061171
66 27 -0.579646249
67 27 0.939669542
68 27 -0.176711028
69 27 -1.15641079
70 27 -0.372384867
71 27 1.57802572
72 27 -0.488595903
1 28 3246.30798
2 28 -19313.296
3 28 673.318274
4 28 -14371964.6
5 28 -3411601.71
6 28 16454864
7 28 2404.52058
8 28 -19160.1942
9 28 1547.20588
10 28 -14692436.6
11 28 -1377779.55
12 28 16183610.4
13 28 277.211601
14 28 -29739.047
15 28 1081.22167
16 28 -27638380.6
17 28 -22940.7835
18 28 32463220.7
19 28 -5240.16922
20 28 -41353.1074
21 28 1570.86718
22 28 -43660867.8
23 28 6131111.96
24 28 50962167.1
25 28 -8758.06926
26 28 167310.618
27 28 1954.66877
28 28 164996000
29 28 24439324.8
30 28 -176103909
31 28 45.5241479
32 28 -29920.7994
33 28 -5858.01738
34 28 -39972950.2
35 28 -13407430.9
36 28 39285812.3
37 28 3561.22906
38 28 -12563.9567
39 28 -4011.77162
40 28 -15437220.3
41 28 -11318584.7
42 28 12022108.6
43 28 851.842052
44 28 -3321.53337
45 28 320.405724
46 28 -2144974.68
47 28 -633858.136
48 28 1791231.05
49 28 69.6708721
50 28 -228.073536
51 28 22.5866748
52 28 -47597.6272
53 28 -8450.85294
54 28 58846.843
55 28 -1.32149729
56 28 5.48408489
57 28 -0.986497401
58 28 -4.29146913
59 28 -0.0750941438
60 28 5.32976426
61 28 -1.22552918
62 28 4.63312482
63 28 -0.88603147
64 28 -3.75294307
65 28 -0.0922279561
66 28 4.67229316
67 28 -0.983480289
68 28 3.34338696
69 28 -0.700922434
70 28 -2.67432819
71 28 -0.0710603185
72 28 3.39936287
1 29 -1784.07894
2 29 -37.1258487
3 29 1455.24173
4 29 -1652629.82
5 29 5636292.54
6 29 -2282945.96
7 29 5471.84538
8 29 -1049.63495
9 29 -4447.17529
10 29 -892184.911
11 29 -6349355.18
12 29 684767.378
13 29 14189.9827
14 29 -6581.05286
15 29 -11709.3911
16 29 -4285075.18
17 29 -22201490.8
18 29 8994951.05
19 29 29238.5645
20 29 -653.257986
21 29 -22812.0979
22 29 -7046.9204
23 29 -52362446.4
24 29 -866976.218
25 29 -76471.3488
26 29 10263.8914
27 29 63794.3587
28 29 24439324.8
29 29 135116066
30 29 -7991244.17
31 29 22412.3624
32 29 -921.123294
33 29 -19240.1561
34 29 -9994773.26
35 29 -46126148.1
36 29 -440822.185
37 29 7859.29004
38 29 -1673.13367
39 29 -8807.6882
40 29 -6970660.52
41 29 -16116118.1
42 29 2394473.15
43 29 3306.42518
44 29 287.407571
45 29 -2208.89289
46 29 79549.062
47 29 -3027032.08
48 29 758933.691
49 29 180.940138
50 29 -46.452622
51 29 -174.620029
52 29 6135.82249
53 29 -74043.7021
54 29 26610.8961
55 29 -2.82264097
56 29 1.50236725
57 29 2.61329572
58 29 -0.156054748
59 29 -4.34237188
60 29 2.47139082
61 29 -2.46046432
62 29 1.4202487
63 29 2.21407738
64 29 -0.16660404
65 29 -3.83748094
66 29 2.40256235
67 29 -1.87941344
68 29 1.14291291
69 29 1.58410677
70 29 -0.129868916
71 29 -2.75369325
72 29 1.92246153
1 30 -1768.43551
2 30 23201.8831
3 30 -1833.67829
4 30 15977233.9
5 30 -630920.129
6 30 -18484913.9
7 30 -3952.86014
8 30 24857.2835
9 30 -875.601585
10 30 15872452.4
11 30 1989280.87
12 30 -23037086.8
13 30 -5571.79729
14 30 42566.8206
15 30 1861.88228
16 30 32393047.1
17 30 4916409.28
18 30 -55440201.6
19 30 2247.18715
20 30 60435.7915
21 30 344.746497
22 30 49470890.5
23 30 -6714537.03
24 30 -90974622.1
25 30 14221.7735
26 30 -221531.903
27 30 -1505.82216
28 30 -176103909
29 30 -7991244.17
30 30 274901103
31 30 1677.01399
32 30 38327.0131
33 30 4511.57675
34 30 39271659.2
35 30 2608201.52
36 30 -62674407.3
37 30 -2998.87504
38 30 14851.3821
39 30 2462.08847
40 30 13669332.3
41 30 7113331.65
42 30 -16122960.2
43 30 -1339.67915
44 30 3697.48995
45 30 106.364455
46 30 1587509.54
47 30 1041887.41
48 30 -2620938.77
49 30 -146.25533
50 30 289.497998
51 30 31.5041182
52 30 52845.6016
53 30 34370.2559
54 30 -81961.288
55 30 2.63845931
56 30 -7.48385069
57 30 0.344175817
58 30 5.35275569
59 30 1.68378916
60 30 -7.81632853
61 30 2.44693019
62 30 -6.47725675
63 30 0.348163749
64 30 4.68505893
65 30 1.56293701
66 30 -6.96702268
67 30 2.00138595
68 30 -4.82874354
69 30 0.29245978
70 30 3.40328994
71 30 1.20887923
72 30 -5.30819888
1 31 -5.83836376
2 31 7.54477326
3 31 3.56994823
4 31 1564.08677
5 31 172.006314
6 31 -1375.21378
7 31 -9.16708109
8 31 8.49150435
9 31 5.93438001
10 31 1428.69124
11 31 2126.70218
12 31 -1584.20846
13 31 -14.3035439
14 31 11.9179489
15 31 9.05104834
16 31 2335.10405
17 31 4561.94392
18 31 -2652.76604
19 31 -19.5203255
20 31 12.6039198
21 31 12.5678196
22 31 2267.92522
23 31 8208.07304
24 31 -3215.59542
25 31 -38.1570777
26 31 16.5411716
27 31 22.0450173
28 31 45.5241479
29 31 22412.3624
30 31 1677.01399
31 31 214.758537
32 31 -90.702835
33 31 -117.535288
34 31 176.7563
35 31 -66988.2844
36 31 -11061.1348
37 31 -48.0511741
38 31 2.79638464
39 31 28.5422605
40 31 -13310.5757
41 31 29771.4399
42 31 28063.0936
43 31 -13.1055198
44 31 11.6506599
45 31 9.25865063
46 31 3597.45074
47 31 4312.15184
48 31 -6359.88836
49 31 -3.41695047
50 31 3.91485943
51 31 2.63048656
52 31 689.344502
53 31 -1068.5131
54 31 -1900.43571
55 31 -2.28648564
56 31 2.15143758
57 31 1.53375748
58 31 -1.11218761
59 31 -2.61742265
60 31 2.73417479
61 31 -2.60023196
62 31 2.21078113
63 31 1.67099481
64 31 -0.914235673
65 31 -1.25382154
66 31 2.24767811
67 31 -1.82409499
68 31 1.50695358
69 31 1.17820954
70 31 -0.676638002
71 31 -0.579600914
72 31 1.71337082
1 32 6.07770431
2 32 -42.6179183
3 32 -1.93876158
4 32 -8313.10001
5 32 -2374.82799
6 32 10438.7416
7 32 6.58772395
8 32 -46.4490691
9 32 -1.32471448
10 32 -8246.62511
11 32 -1875.35907
12 32 10539.7928
13 32 8.51397526
14 32 -58.1206018
15 32 -1.08436721
16 32 -13390.0411
17 32 -3960.12264
18 32 16900.3517
19 32 9.59497896
20 32 -66.4294631
21 32 -1.36016758
22 32 -18261.1291
23 32 -6480.94099
24 32 20914.4351
25 32 12.9641445
26 32 -106.698451
27 32 1.98168764
28 32 -29920.7994
29 32 -921.123294
30 32 38327.0131
31 32 -90.702835
32 32 656.149222
33 32 -13.8085147
34 32 139936.836
35 32 12430.3234
36 32 -174696.575
37 32 5.79624708
38 32 -150.560672
39 32 6.58613663
40 32 -49611.3019
41 32 15066.7235
42 32 68935.0635
43 32 12.7167784
44 32 -37.1252978
45 32 -0.535639468
46 32 -4376.03675
47 32 -8083.81506
48 32 256.499999
49 32 4.46141409
50 32 -13.5486692
51 32 0.364494248
52 32 -832.353788
53 32 -2180.2049
54 32 -850.086039
55 32 2.44318107
56 32 -8.72675833
57 32 0.630624509
58 32 5.52573717
59 32 1.20565554
60 32 -7.6480532
61 32 2.63295098
62 32 -9.10250428
63 32 0.73855871
64 32 2.64819946
65 32 0.954982416
66 32 -4.37514871
67 32 1.89460316
68 32 -6.6844817
69 32 0.514790561
70 32 1.12816366
71 32 0.662289796
72 32 -2.44875062
1 33 2.70209535
2 33 3.06540409
3 33 -4.73782435
4 33 96.9498624
5 33 112.162712
6 33 -609.480514
7 33 5.29708008
8 33 2.26147742
9 33 -7.82416839
10 33 54.0228575
11 33 -1417.14582
12 33 -138.903572
13 33 8.79211675
14 33 0.0958659395
15 33 -13.3154574
16 33 -1467.20604
17 33 -4087.27477
18 33 2076.31417
19 33 12.7103035
20 33 -0.643472344
21 33 -18.6858715
22 33 -3275.24471
23 33 -8540.82044
24 33 4607.0381
25 33 22.2617599
26 33 0.922777732
27 33 -32.7775625
28 33 -5858.01738
29 33 -19240.1561
30 33 4511.57675
31 33 -117.535288
32 33 -13.8085147
33 33 160.017941
