# name: debug
# type: sparse matrix
# nnz: 5184
# rows: 72
# columns: 72

1 1 162.389247
2 1 -34.0485559
3 1 -96.2274973
4 1 -8917.13104
5 1 -59365.9219
6 1 18279.7501
7 1 -27.8139555
8 1 3.44824652
9 1 17.8977292
10 1 -278.935102
11 1 21490.144
12 1 -4013.2498
13 1 -19.8038558
14 1 3.08941522
15 1 11.8476433
16 1 669.709399
17 1 11015.2833
18 1 -4217.00142
19 1 -16.3173388
20 1 4.60056516
21 1 8.34899576
22 1 1908.46497
23 1 5811.14471
24 1 -3447.94366
25 1 -7.7070976
26 1 4.59875881
27 1 2.87211587
28 1 3246.30798
29 1 -1784.07894
30 1 -1768.43551
31 1 -5.83836376
32 1 6.07770431
33 1 2.70209535
34 1 1705.43154
35 1 -26.8299989
36 1 -1237.05088
37 1 -4.54880268
38 1 4.3569282
39 1 2.35152321
40 1 711.147273
41 1 -65.8480568
42 1 -1021.60186
43 1 -3.15467312
44 1 4.70861401
45 1 1.6851209
46 1 825.788078
47 1 -551.412078
48 1 -1211.5734
49 1 -2.67167864
50 1 2.25628323
51 1 1.75477076
52 1 156.767438
53 1 -37.2165673
54 1 -179.855861
55 1 -1.62754562
56 1 1.11543955
57 1 1.26211517
58 1 -0.442511931
59 1 -2.16575051
60 1 1.61677355
61 1 -1.91017479
62 1 1.10865147
63 1 1.42380325
64 1 -0.565444402
65 1 -0.81557132
66 1 1.49984371
67 1 -1.40682159
68 1 0.781809833
69 1 1.05301907
70 1 -0.517851637
71 1 -0.351551912
72 1 1.28620095
1 2 -34.0485559
2 2 529.786298
3 2 0.826619405
4 2 133738.728
5 2 8111.53834
6 2 -181654.504
7 2 4.67506098
8 2 -77.2007692
9 2 3.13961996
10 2 -28088.7674
11 2 -387.636197
12 2 40815.612
13 2 6.87980283
14 2 -70.8934036
15 2 3.87685493
16 2 -24214.5097
17 2 -1224.06751
18 2 33317.5975
19 2 8.49193342
20 2 -71.929342
21 2 4.96143526
22 2 -24944.5743
23 2 -640.404073
24 2 32576.2944
25 2 7.830909
26 2 -60.5590431
27 2 5.00670406
28 2 -19313.296
29 2 -37.1258487
30 2 23201.8831
31 2 7.54477326
32 2 -42.6179183
33 2 3.06540409
34 2 -8325.9312
35 2 -1091.15812
36 2 10395.6577
37 2 5.26014323
38 2 -25.519987
39 2 1.62742374
40 2 -3982.01127
41 2 -887.741204
42 2 4823.94085
43 2 5.07345821
44 2 -22.0251573
45 2 0.456041896
46 2 -3672.5575
47 2 -1633.17384
48 2 4133.26626
49 2 3.40666046
50 2 -13.2956913
51 2 1.46532236
52 2 -691.659703
53 2 -193.92506
54 2 984.915899
55 2 1.79477666
56 2 -7.42708742
57 2 1.03357156
58 2 5.24489165
59 2 0.383959055
60 2 -6.91132017
61 2 1.92651854
62 2 -7.82027385
63 2 1.14495398
64 2 2.3063346
65 2 0.471637284
66 2 -3.62369816
67 2 1.46973954
68 2 -5.95938756
69 2 0.867824116
70 2 1.09991121
71 2 0.401579078
72 2 -2.12490577
1 3 -96.2274973
2 3 0.826619405
3 3 122.857281
4 3 -4458.832
5 3 50253.2799
6 3 805.592694
7 3 18.0602975
8 3 2.09099
9 3 -23.304342
10 3 1561.52526
11 3 -17414.4407
12 3 743.451921
13 3 11.6804842
14 3 3.99997943
15 3 -16.7473123
16 3 3257.57961
17 3 -9127.03758
18 3 -1828.317
19 3 8.40731872
20 3 3.25610786
21 3 -13.5154637
22 3 2230.84376
23 3 -4846.25002
24 3 -2159.35321
25 3 3.2502099
26 3 1.5077763
27 3 -6.63650054
28 3 673.318274
29 3 1455.24173
30 3 -1833.67829
31 3 3.56994823
32 3 -1.93876158
33 3 -4.73782435
34 3 -896.511228
35 3 -143.953446
36 3 809.957958
37 3 3.03046717
38 3 -2.37086983
39 3 -3.52042724
40 3 -1192.10981
41 3 -150.319022
42 3 1246.91824
43 3 2.48752616
44 3 -4.128093
45 3 -2.9131297
46 3 -1960.99787
47 3 -67.1766197
48 3 2207.73028
49 3 2.16994144
50 3 -0.599698184
51 3 -2.39916107
52 3 -107.338723
53 3 59.8340714
54 3 105.977063
55 3 1.50092669
56 3 -0.300264953
57 3 -1.78230279
58 3 -0.414722593
59 3 2.49208863
60 3 -0.702130394
61 3 1.70132162
62 3 -0.442916356
63 3 -1.90854756
64 3 -0.472199433
65 3 1.04879644
66 3 -0.382842936
67 3 1.28212791
68 3 -0.444550369
69 3 -1.43922417
70 3 -0.438310803
71 3 0.46105759
72 3 -0.237333891
1 4 -8917.13104
2 4 133738.728
3 4 -4458.832
4 4 104178353
5 4 3188311.18
6 4 -115508494
7 4 311.561802
8 4 -27969.9025
9 4 1651.82523
10 4 -24628522.7
11 4 1514225.55
12 4 27216293.8
13 4 2651.85255
14 4 -24261.0238
15 4 2534.50728
16 4 -20128538.2
17 4 119340.962
18 4 22241411.2
19 4 3367.13746
20 4 -24883.3416
21 4 2319.61551
22 4 -20873795.6
23 4 -755481.769
24 4 23206719.1
25 4 3435.51723
26 4 -19089.4514
27 4 1892.95818
28 4 -14371964.6
29 4 -1652629.82
30 4 15977233.9
31 4 1564.08677
32 4 -8313.10001
33 4 96.9498624
34 4 -4249290.46
35 4 -944926.714
36 4 4434233.73
37 4 575.87136
38 4 -4131.03657
39 4 -470.751882
40 4 -2392724.94
41 4 -631592.836
42 4 2365968.8
43 4 530.176488
44 4 -4070.55302
45 4 -1064.97564
46 4 -2898803.44
47 4 -1271037.93
48 4 2877198.42
49 4 205.394356
50 4 -699.635422
51 4 -9.09080942
52 4 -176223.918
53 4 -52129.0279
54 4 256420.473
55 4 -1.13627233
56 4 5.02989453
57 4 -0.980577793
58 4 -3.97860495
59 4 0.0620092645
60 4 4.90734256
61 4 -0.902014196
62 4 2.39356362
63 4 -0.777197883
64 4 -6.76667836
65 4 -0.0323124588
66 4 7.89085947
67 4 -0.714523177
68 4 1.33975122
69 4 -0.644221893
70 4 -6.26826407
71 4 -0.137011596
72 4 7.27773729
1 5 -59365.9219
2 5 8111.53834
3 5 50253.2799
4 5 3188311.18
5 5 80229936.9
6 5 -7783945.8
7 5 21713.5248
8 5 -457.564242
9 5 -17348.0582
10 5 1919250.81
11 5 -33985370.2
12 5 3076235.01
13 5 11002.4474
14 5 860.814734
15 5 -9288.52182
16 5 2288821.77
17 5 -16105485.5
18 5 1525933.77
19 5 5929.2859
20 5 122.700755
21 5 -4856.4856
22 5 1625.53788
23 5 -7384916.81
24 5 138761.855
25 5 -1592.21915
26 5 -1260.14478
27 5 1707.93745
28 5 -3411601.71
29 5 5636292.54
30 5 -630920.129
31 5 172.006314
32 5 -2374.82799
33 5 112.162712
34 5 -1591996.74
35 5 -83981.4568
36 5 809852.562
37 5 62.0871354
38 5 -1906.27018
39 5 -60.4278006
40 5 -1102760.58
41 5 -21799.4884
42 5 1208716.91
43 5 -417.683408
44 5 -3019.64708
45 5 24.3982919
46 5 -1961846.2
47 5 298733.078
48 5 2380326.4
49 5 -4.67217586
50 5 -259.755288
51 5 89.089051
52 5 -71278.8702
53 5 17478.101
54 5 83261.9052
55 5 -2.46908405
56 5 1.09576518
57 5 2.40390277
58 5 0.0564841589
59 5 -3.92569634
60 5 1.98089101
61 5 -1.2665752
62 5 0.943625828
63 5 1.10524647
64 5 0.0539057537
65 5 -6.81044154
66 5 2.28115261
67 5 -0.838809777
68 5 0.774484613
69 5 0.597142369
70 5 0.0209928561
71 5 -6.31407136
72 5 2.08526621
1 6 18279.7501
2 6 -181654.504
3 6 805.592694
4 6 -115508494
5 6 -7783945.8
6 6 180520964
7 6 -4122.50686
8 6 41010.1337
9 6 70.7686594
10 6 27585516.5
11 6 2426813.54
12 6 -49558434.2
13 6 -5599.99019
14 6 33221.9885
15 6 -1121.99088
16 6 22059705.8
17 6 2906408.17
18 6 -35548945.6
19 6 -4580.97202
20 6 32624.3175
21 6 -2592.18607
22 6 23375691.4
23 6 186674.38
24 6 -33194282.1
25 6 -2339.92667
26 6 23337.5537
27 6 -3562.63603
28 6 16454864
29 6 -2282945.96
30 6 -18484913.9
31 6 -1375.21378
32 6 10438.7416
33 6 -609.480514
34 6 4481372.33
35 6 203893.93
36 6 -4755636.48
37 6 -947.618741
38 6 4740.51685
39 6 262.584066
40 6 2120209.72
41 6 663003.441
42 6 -2236337.73
43 6 -1021.40277
44 6 3989.74765
45 6 1093.81062
46 6 2382993.98
47 6 1660298.24
48 6 -2225454.85
49 6 -261.015834
50 6 957.649529
51 6 -10.0241305
52 6 246656.631
53 6 63621.4964
54 6 -353602.122
55 6 1.93453608
56 6 -6.68256188
57 6 0.778310916
58 6 4.94056334
59 6 0.78112709
60 6 -6.8614608
61 6 1.78996288
62 6 -3.74590765
63 6 0.451915036
64 6 7.92893692
65 6 0.147088267
66 6 -9.9580123
67 6 1.52469698
68 6 -2.41627965
69 6 0.329169691
70 6 7.28911297
71 6 0.0519248068
72 6 -9.09142146
1 7 -27.8139555
2 7 4.67506098
3 7 18.0602975
4 7 311.561802
5 7 21713.5248
6 7 -4122.50686
7 7 173.403699
8 7 -47.3538091
9 7 -102.938345
10 7 -8678.31764
11 7 -71002.4978
12 7 22878.1495
13 7 -26.0223571
14 7 4.64148264
15 7 16.6674913
16 7 256.44783
17 7 16654.9476
18 7 -3692.25572
19 7 -21.369871
20 7 7.55950044
21 7 11.6981009
22 7 2140.40778
23 7 12095.9987
24 7 -6078.27677
25 7 -13.3750026
26 7 6.34274218
27 7 7.47280934
28 7 2404.52058
29 7 5471.84538
30 7 -3952.86014
31 7 -9.16708109
32 7 6.58772395
33 7 5.29708008
34 7 1171.42063
35 7 1950.23898
36 7 -1388.04102
37 7 -6.63880259
38 7 6.37888426
39 7 3.82652249
40 7 776.819681
41 7 722.72395
42 7 -947.953216
43 7 -4.46054995
44 7 5.38097276
45 7 2.50398069
46 7 810.995489
47 7 138.167751
48 7 -864.253137
49 7 -2.6306336
50 7 2.16622971
51 7 1.78245384
52 7 68.7826339
53 7 8.08691963
