# name: debug
# type: sparse matrix
# nnz: 7848
# rows: 120
# columns: 120

1 1 59601.2617
2 1 -0.0082649496
3 1 -0.279328233
4 1 -2.08255758e-05
5 1 -0.0116557636
6 1 0.000374476551
7 1 -6.82547657e-10
8 1 2.03021179e-11
9 1 3.64785983e-11
10 1 7.78969056e-14
11 1 2.78067703e-12
12 1 -1.24585126e-13
13 1 -1.16252963e-10
14 1 1.93386351e-12
15 1 6.04017651e-12
16 1 3.78024453e-15
17 1 2.27261827e-13
18 1 -3.32549292e-15
19 1 -9.11114242e-11
20 1 4.19624094e-13
21 1 4.57700997e-12
22 1 7.4859752e-16
23 1 1.94539304e-13
24 1 -2.93370413e-15
25 1 -6.75348914e-10
26 1 -4.637941e-12
27 1 3.1848404e-11
28 1 -2.15520395e-14
29 1 2.72084901e-12
30 1 -9.75404213e-14
31 1 -6.60607835e-10
32 1 9.93488574e-13
33 1 3.17036957e-11
34 1 1.054777e-15
35 1 2.70660858e-12
36 1 -8.97302364e-14
37 1 -5.18345211e-10
38 1 1.20411364e-11
39 1 2.30723659e-11
40 1 5.00779698e-14
41 1 2.22639255e-12
42 1 -7.48221317e-14
43 1 -5.09513544e-10
44 1 2.2476088e-11
45 1 2.09661644e-11
46 1 9.59872218e-14
47 1 2.21857243e-12
48 1 -7.89263219e-14
49 1 -6.65192552e-10
50 1 4.55383882e-11
51 1 2.45903982e-11
52 1 1.82877488e-13
53 1 2.70700025e-12
54 1 -1.02988219e-13
1 2 -0.0082649496
2 2 59601.2819
3 2 -0.0735879455
4 2 0.0116738196
5 2 2.08255758e-05
6 2 -0.000653704147
7 2 -1.12135797e-11
8 2 -6.85023471e-10
9 2 2.7470049e-11
10 2 -2.78648171e-12
11 2 5.04052382e-14
12 2 1.50244098e-13
13 2 -1.4785416e-12
14 2 -1.17133535e-10
15 2 1.15667079e-12
16 2 -2.28447795e-13
17 2 2.88754693e-15
18 2 1.18928006e-14
19 2 1.3449432e-13
20 2 -9.18094387e-11
21 2 1.35997329e-12
22 2 -1.95578685e-13
23 2 -1.40742183e-16
24 2 9.84045899e-15
25 2 1.23367563e-11
26 2 -6.77493253e-10
27 2 2.12228389e-11
28 2 -2.72570317e-12
29 2 -4.67057877e-14
30 2 1.29534923e-13
31 2 6.56264734e-12
32 2 -6.62991642e-10
33 2 1.96461844e-11
34 2 -2.71199426e-12
35 2 -2.38058182e-14
36 2 1.31054623e-13
37 2 -6.51292121e-12
38 2 -5.19994989e-10
39 2 1.46929164e-11
40 2 -2.23048971e-12
41 2 2.96707709e-14
42 2 9.99913416e-14
43 2 -1.69476698e-11
44 2 -5.10926284e-10
45 2 1.58740955e-11
46 2 -2.22260282e-12
47 2 7.57149592e-14
48 2 9.21690297e-14
49 2 -3.8415552e-11
50 2 -6.66827871e-10
51 2 2.28263403e-11
52 2 -2.71228098e-12
53 2 1.58857336e-13
54 2 1.01165994e-13
1 3 -0.279328233
2 3 -0.0735879455
3 3 59596.2718
4 3 -0.000372516794
5 3 0.00065064633
6 3 -2.51159772e-21
7 3 3.85918202e-11
8 3 2.69980156e-11
9 3 -3.32907056e-12
10 3 1.21284641e-13
11 3 -1.57652575e-13
12 3 1.89947718e-16
13 3 6.53245313e-12
14 3 1.60395528e-12
15 3 -3.86502091e-13
16 3 4.19222471e-15
17 3 -1.2796442e-14
18 3 -4.26245766e-17
19 3 5.10708069e-12
20 3 2.04401953e-12
21 3 -2.87334588e-13
22 3 4.36245901e-15
23 3 -1.09078348e-14
24 3 -5.70669672e-17
25 3 3.72251021e-11
26 3 2.8055241e-11
27 3 -2.81144358e-12
28 3 1.23976602e-13
29 3 -1.49935575e-13
30 3 -3.83091294e-16
31 3 3.66317578e-11
32 3 2.80415582e-11
33 3 -2.70957103e-12
34 3 1.22988224e-13
35 3 -1.50163767e-13
36 3 -9.31194812e-16
37 3 2.9227033e-11
38 3 2.07544894e-11
39 3 -2.05567948e-12
40 3 9.99418887e-14
41 3 -1.25777582e-13
42 3 -4.23650513e-16
43 3 2.91919262e-11
44 3 2.03180431e-11
45 3 -1.97146419e-12
46 3 9.74161219e-14
47 3 -1.27482824e-13
48 3 1.49353716e-16
49 3 3.87827461e-11
50 3 2.53317769e-11
51 3 -2.45818083e-12
52 3 1.12344689e-13
53 3 -1.58453611e-13
54 3 1.18449064e-15
1 4 -2.08255758e-05
2 4 0.0116738196
3 4 -0.000372516794
4 4 59596.2507
5 4 -2.3495918e-17
6 4 -2.06452045e-06
7 4 -4.60301856e-14
8 4 -2.52317596e-12
9 4 1.11127149e-13
10 4 -1.10756625e-14
11 4 2.269367e-16
12 4 5.95604792e-16
13 4 -3.36115814e-15
14 4 -2.59778776e-13
15 4 3.81540016e-15
16 4 -5.49258009e-16
17 4 7.47478088e-18
18 4 2.85797759e-17
19 4 4.93108798e-17
20 4 -2.3248913e-13
21 4 3.45851365e-15
22 4 -4.95264559e-16
23 4 2.6551282e-19
24 4 2.49097689e-17
25 4 4.06217232e-14
26 4 -2.49368597e-12
27 4 8.79136509e-14
28 4 -1.08242783e-14
29 4 -1.59383333e-16
30 4 5.13173388e-16
31 4 1.93874612e-14
32 4 -2.48063025e-12
33 4 8.08180573e-14
34 4 -1.08112726e-14
35 4 -6.85374964e-17
36 4 5.21306075e-16
37 4 -2.92273269e-14
38 4 -2.02971373e-12
39 4 6.70280104e-14
40 4 -9.36432289e-15
41 4 1.47715801e-16
42 4 4.18766109e-16
43 4 -7.11674062e-14
44 4 -2.02160211e-12
45 4 7.08135574e-14
46 4 -9.35218157e-15
47 4 3.41954655e-16
48 4 3.86762925e-16
49 4 -1.48039445e-13
50 4 -2.47947807e-12
51 4 9.30894609e-14
52 4 -1.07890607e-14
53 4 6.58383386e-16
54 4 4.01202244e-16
1 5 -0.0116557636
2 5 2.08255758e-05
3 5 0.00065064633
4 5 -2.3495918e-17
5 5 59596.2507
6 5 -1.50308436e-06
7 5 2.51835038e-12
8 5 -7.01580666e-14
9 5 -1.34669281e-13
10 5 -2.83351634e-16
11 5 -1.1066157e-14
12 5 5.16849682e-16
13 5 2.58501945e-13
14 5 -4.22246358e-15
15 5 -1.34374215e-14
16 5 -8.58323229e-18
17 5 -5.47864627e-16
18 5 9.10805702e-18
19 5 2.31330909e-13
20 5 -7.71920322e-16
21 5 -1.16253475e-14
22 5 -1.27544523e-18
23 5 -4.93933632e-16
24 5 7.41719788e-18
25 5 2.48944798e-12
26 5 2.1831967e-14
27 5 -1.17499842e-13
28 5 1.11660233e-16
29 5 -1.08162512e-14
30 5 4.08575126e-16
31 5 2.47521934e-12
32 5 1.42332211e-15
33 5 -1.18897275e-13
34 5 2.20896962e-17
35 5 -1.08012661e-14
36 5 3.76151283e-16
37 5 2.02628043e-12
38 5 -4.3344075e-14
39 5 -9.0252573e-14
40 5 -1.874594e-16
41 5 -9.35702739e-15
42 5 3.32694728e-16
43 5 2.01915231e-12
44 5 -8.50488834e-14
45 5 -8.31401187e-14
46 5 -3.81182438e-16
47 5 -9.34605097e-15
48 5 3.49381668e-16
49 5 2.47776438e-12
50 5 -1.64551749e-13
51 5 -9.16883286e-14
52 5 -7.02320765e-16
53 5 -1.07831969e-14
54 5 4.29954209e-16
1 6 0.000374476551
2 6 -0.000653704147
3 6 -2.51159772e-21
4 6 -2.06452045e-06
5 6 -1.50308436e-06
6 6 59596.2507
7 6 -1.10481924e-13
8 6 1.44207047e-13
9 6 -1.70323698e-16
10 6 6.32301136e-16
11 6 5.08621576e-16
12 6 -5.83727327e-17
13 6 -4.86035251e-15
14 6 1.46532927e-14
15 6 4.83385818e-17
16 6 3.09895957e-17
17 6 1.1290319e-17
18 6 -1.82301817e-18
19 6 -5.21235328e-15
20 6 1.30568563e-14
21 6 6.78281129e-17
22 6 2.78063169e-17
23 6 1.11085269e-17
24 6 -1.56413444e-18
25 6 -1.13962221e-13
26 6 1.38428094e-13
27 6 3.55331509e-16
28 6 5.99650612e-16
29 6 5.18107824e-16
30 6 -4.86381522e-17
31 6 -1.13004109e-13
32 6 1.38602589e-13
33 6 8.56647563e-16
34 6 6.03130645e-16
35 6 5.13162908e-16
36 6 -4.75385222e-17
37 6 -9.13176376e-14
38 6 1.1546702e-13
39 6 3.91257275e-16
40 6 5.32338154e-16
41 6 4.41883045e-16
42 6 -4.00599659e-17
43 6 -8.90412453e-14
44 6 1.1694403e-13
45 6 -1.30349162e-16
46 6 5.4099287e-16
47 6 4.30795057e-16
48 6 -3.9065546e-17
49 6 -1.03280269e-13
50 6 1.46020763e-13
51 6 -1.07751605e-15
52 6 6.36023379e-16
53 6 4.71142751e-16
54 6 -4.33790249e-17
1 7 -6.82547657e-10
2 7 -1.12135797e-11
3 7 3.85918202e-11
4 7 -4.60301856e-14
5 7 2.51835038e-12
6 7 -1.10481924e-13
7 7 59602.2668
8 7 -0.0130897621
9 7 -0.325539911
10 7 -8.49632118e-06
11 7 -0.00822078908
12 7 0.000154741859
13 7 -6.23729979e-10
14 7 -8.52398885e-13
15 7 3.23952172e-11
16 7 7.53361494e-15
17 7 -3.13847254e-12
18 7 1.68483103e-13
19 7 -9.68851943e-11
20 7 -1.82054202e-12
21 7 4.90080159e-12
22 7 -4.03277e-15
23 7 2.06870959e-13
24 7 -2.87676041e-15
25 7 -7.3990759e-10
26 7 -2.22875598e-11
27 7 3.54506681e-11
28 7 -9.36626192e-14
29 7 3.00302347e-12
30 7 -1.04998471e-13
31 7 -1.05195854e-09
32 7 -2.22704417e-11
33 7 5.09916861e-11
34 7 -3.68653369e-14
35 7 1.54626279e-12
36 7 -3.58028421e-14
37 7 -8.98630886e-10
38 7 6.64183656e-13
39 7 4.0355571e-11
40 7 -2.16991006e-15
41 7 1.03095472e-12
42 7 -2.07692251e-14
43 7 -8.89864778e-10
44 7 1.91640806e-11
45 7 3.699131e-11
46 7 1.91254187e-14
47 7 1.02444074e-12
48 7 -2.2839778e-14
49 7 -1.05757785e-09
50 7 4.83674971e-11
51 7 3.96217349e-11
52 7 6.71658808e-14
53 7 1.55235662e-12
54 7 -4.36018768e-14
1 8 2.03021179e-11
2 8 -6.85023471e-10
3 8 2.69980156e-11
4 8 -2.52317596e-12
5 8 -7.01580666e-14
6 8 1.44207047e-13
7 8 -0.0130897621
8 8 59602.2861
9 8 -0.118505035
10 8 0.00823906988
11 8 8.49632118e-06
12 8 -0.00044931538
13 8 9.63219602e-12
14 8 -6.24800293e-10
15 8 2.6211144e-11
16 8 3.13787467e-12
17 8 4.51289185e-14
18 8 -1.65081368e-13
19 8 2.35957553e-12
20 8 -9.76228039e-11
21 8 1.33458489e-12
22 8 -2.07959175e-13
23 8 -4.88243593e-15
24 8 1.05338336e-14
25 8 3.04782102e-11
26 8 -7.42198744e-10
27 8 2.27180615e-11
28 8 -3.00805093e-12
29 8 -1.2026203e-13
30 8 1.45450118e-13
31 8 3.51286164e-11
32 8 -1.05473796e-09
33 8 3.44814892e-11
34 8 -1.55161285e-12
35 8 -4.76086591e-14
36 8 7.69594141e-14
37 8 9.93341687e-12
38 8 -9.00556537e-10
39 8 2.9365337e-11
40 8 -1.03482733e-12
41 8 -8.56972781e-15
42 8 4.80180608e-14
43 8 -8.62794784e-12
44 8 -8.91406893e-10
45 8 3.13129851e-11
46 8 -1.02822868e-12
47 8 1.27634552e-14
48 8 4.43237234e-14
49 8 -3.62090567e-11
50 8 -1.05912116e-09
51 8 3.99238479e-11
52 8 -1.55749065e-12
53 8 5.68843509e-14
54 8 6.02975445e-14
1 9 3.64785983e-11
2 9 2.7470049e-11
3 9 -3.32907056e-12
4 9 1.11127149e-13
5 9 -1.34669281e-13
6 9 -1.70323698e-16
7 9 -0.325539911
8 9 -0.118505035
9 9 59596.2764
10 9 -0.000154166136
11 9 0.000447650542
12 9 -2.33321525e-21
13 9 3.35569869e-11
14 9 2.84138937e-11
15 9 -3.1553869e-12
16 9 -1.77155396e-13
17 9 1.68856195e-13
18 9 9.82464386e-17
19 9 5.23902179e-12
20 9 2.05047893e-12
21 9 -2.94067894e-13
22 9 4.3764297e-15
23 9 -1.11895641e-14
24 9 -5.35757297e-17
25 9 3.92085202e-11
26 9 3.05524593e-11
27 9 -3.00524545e-12
28 9 1.35728862e-13
29 9 -1.58978361e-13
30 9 -5.76456795e-16
31 9 5.58890211e-11
32 9 4.83946096e-11
33 9 -4.47762217e-12
34 9 5.57464132e-14
35 9 -8.30655924e-14
36 9 -7.18609548e-16
37 9 4.8607557e-11
38 9 4.0265242e-11
39 9 -3.72686893e-12
40 9 3.29848226e-14
41 9 -5.62320991e-14
42 9 -4.051584e-16
43 9 4.89858391e-11
44 9 3.94150761e-11
45 9 -3.61357569e-12
46 9 3.19350957e-14
47 9 -5.65699739e-14
48 9 -1.88498602e-16
49 9 5.93771493e-11
50 9 4.43091581e-11
51 9 -4.11266035e-12
52 9 4.98094712e-14
53 9 -8.69998666e-14
54 9 2.99511925e-16
1 10 7.78969056e-14
2 10 -2.78648171e-12
3 10 1.21284641e-13
4 10 -1.10756625e-14
5 10 -2.83351634e-16
6 10 6.32301136e-16
7 10 -8.49632118e-06
8 10 0.00823906988
9 10 -0.000154166136
10 10 59596.2507
11 10 -5.19285331e-17
12 10 -3.47160592e-06
13 10 -2.72860027e-14
14 10 1.895781e-12
15 10 -1.05933873e-13
16 10 -1.5378326e-14
17 10 -1.70587681e-16
18 10 8.06473372e-16
19 10 6.07318192e-15
20 10 -2.6304451e-13
21 10 3.61035818e-15
22 10 -5.60346161e-16
23 10 -1.2547848e-17
24 10 2.83743736e-17
25 10 1.19384331e-13
26 10 -3.03911697e-12
27 10 1.05138214e-13
28 10 -1.33189554e-14
29 10 -5.02271712e-16
30 10 6.43200014e-16
31 10 4.78791947e-14
32 10 -1.59741797e-12
33 10 3.71285231e-14
34 10 -1.96085017e-14
35 10 -5.77149609e-16
36 10 9.57365876e-16
37 10 8.12470012e-15
38 10 -1.07646431e-12
39 10 2.21375563e-14
40 10 -1.79403987e-14
41 10 -1.31008312e-16
42 10 8.12471977e-16
43 10 -1.40570606e-14
44 10 -1.06960404e-12
45 10 2.43002921e-14
46 10 -1.7929567e-14
47 10 2.41650415e-16
48 10 7.51954948e-16
49 10 -5.97282721e-14
50 10 -1.60206332e-12
51 10 4.52496108e-14
52 10 -1.95921999e-14
53 10 7.42416587e-16
54 10 7.40913974e-16
1 11 2.78067703e-12
2 11 5.04052382e-14
3 11 -1.57652575e-13
4 11 2.269367e-16
5 11 -1.1066157e-14
6 11 5.08621576e-16
7 11 -0.00822078908
8 11 8.49632118e-06
9 11 0.000447650542
10 11 -5.19285331e-17
11 11 59596.2507
12 11 -2.78124535e-06
13 11 -1.89666381e-12
14 11 -4.528597e-15
15 11 9.85946874e-14
16 11 8.75363459e-17
17 11 -1.5375072e-14
18 11 7.57277468e-16
19 11 2.61717369e-13
20 11 5.20471484e-15
21 11 -1.32428762e-14
22 11 1.15048657e-17
23 11 -5.58823954e-16
24 11 7.7403011e-18
25 11 3.03386675e-12
26 11 9.67430877e-14
27 11 -1.45735694e-13
28 11 4.45182547e-16
29 11 -1.33093073e-14
30 11 4.91877089e-16
31 11 1.59175003e-12
32 11 3.90812566e-14
33 11 -7.86728845e-14
34 11 4.90620998e-16
35 11 -1.95950516e-14
36 11 7.14926034e-16
37 11 1.07279394e-12
38 11 3.0433145e-15
39 11 -4.96042876e-14
40 11 5.30784837e-17
41 11 -1.79304894e-14
42 11 6.66572603e-16
43 11 1.06644579e-12
44 11 -1.91347591e-14
45 11 -4.5789061e-14
46 11 -3.18586904e-16
47 11 -1.79219451e-14
48 11 6.99926884e-16
49 11 1.59875102e-12
50 11 -6.79598282e-14
51 11 -6.1593962e-14
52 11 -8.24398732e-16
53 11 -1.95864916e-14
54 11 8.1813392e-16
1 12 -1.24585126e-13
2 12 1.50244098e-13
3 12 1.89947718e-16
4 12 5.95604792e-16
5 12 5.16849682e-16
6 12 -5.83727327e-17
7 12 0.000154741859
8 12 -0.00044931538
9 12 -2.33321525e-21
10 12 -3.47160592e-06
11 12 -2.78124535e-06
12 12 59596.2507
13 12 1.1350384e-13
14 12 -1.03201932e-13
15 12 -4.28613584e-17
16 12 8.3497557e-16
17 12 8.10568874e-16
18 12 -8.42372847e-17
19 12 -5.56220067e-15
20 12 1.42480246e-14
21 12 6.76942329e-17
22 12 3.03432691e-17
23 12 1.18536169e-17
24 12 -1.70284486e-18
25 12 -1.38358403e-13
26 12 1.62040012e-13
27 12 5.82753092e-16
28 12 7.08338177e-16
29 12 6.3360643e-16
30 12 -5.84309919e-17
31 12 -5.83451505e-14
32 12 8.61482329e-14
33 12 7.35791139e-16
34 12 1.04836657e-15
35 12 9.74978128e-16
36 12 -8.78080188e-17
37 12 -3.52221744e-14
38 12 5.89047122e-14
39 12 4.13559497e-16
40 12 9.78097038e-16
41 12 8.85321134e-16
42 12 -7.80114078e-17
43 12 -3.41309936e-14
44 12 5.92633611e-14
45 12 1.85528119e-16
46 12 9.95719548e-16
47 12 8.64846315e-16
48 12 -7.63279314e-17
49 12 -5.22495583e-14
50 12 9.01338835e-14
51 12 -3.21152439e-16
52 12 1.11076447e-15
53 12 9.01831208e-16
54 12 -8.09627536e-17
1 13 -1.16252963e-10
2 13 -1.4785416e-12
3 13 6.53245313e-12
4 13 -3.36115814e-15
5 13 2.58501945e-13
6 13 -4.86035251e-15
7 13 -6.23729979e-10
8 13 9.63219602e-12
9 13 3.35569869e-11
10 13 -2.72860027e-14
11 13 -1.89666381e-12
12 13 1.1350384e-13
13 13 59600.2589
14 13 -0.00199125193
15 13 -0.207273878
16 13 1.78889507e-05
17 13 0.00300678028
18 13 -0.000347136541
19 13 -7.95440481e-11
20 13 -8.47843589e-13
21 13 4.01399465e-12
22 13 -1.93300196e-15
23 13 1.69842809e-13
24 13 -2.43116018e-15
25 13 -1.21942578e-10
26 13 -3.19543982e-12
27 13 5.81280982e-12
28 13 -7.44268637e-15
29 13 2.87094871e-13
30 13 -2.63860895e-15
31 13 -6.13024527e-10
32 13 -7.86558107e-12
33 13 2.92945466e-11
34 13 2.61012172e-14
35 13 -1.95334528e-12
36 13 9.20466412e-14
37 13 -6.26741618e-10
38 13 5.53927296e-12
39 13 2.77581992e-11
40 13 -1.69145382e-14
41 13 -1.93980073e-12
42 13 9.21458564e-14
43 13 -6.1837638e-10
44 13 1.83433452e-11
45 13 2.53092066e-11
46 13 -5.72405764e-14
47 13 -1.9448227e-12
48 13 9.5506762e-14
49 13 -6.1797623e-10
50 13 3.33785565e-11
51 13 2.26935268e-11
52 13 -1.04554228e-13
53 13 -1.94318503e-12
54 13 1.02403695e-13
1 14 1.93386351e-12
2 14 -1.17133535e-10
3 14 1.60395528e-12
4 14 -2.59778776e-13
5 14 -4.22246358e-15
6 14 1.46532927e-14
7 14 -8.52398885e-13
8 14 -6.24800293e-10
9 14 2.84138937e-11
10 14 1.895781e-12
11 14 -4.528597e-15
12 14 -1.03201932e-13
13 14 -0.00199125193
14 14 59600.2722
15 14 -0.0186986891
16 14 -0.00299879081
17 14 -1.78889507e-05
18 14 0.000155916043
19 14 1.24036213e-12
20 14 -8.01274063e-11
21 14 1.13043704e-12
22 14 -1.70691038e-13
23 14 -2.52060917e-15
24 14 8.62394246e-15
25 14 3.47730553e-12
26 14 -1.22738953e-10
27 14 5.31614636e-13
28 14 -2.88420533e-13
29 14 -8.24594104e-15
30 14 1.37931237e-14
31 14 1.52579453e-11
32 14 -6.14113013e-10
33 14 2.17050173e-11
34 14 1.95255546e-12
35 14 4.73992635e-14
36 14 -9.38853156e-14
37 14 1.46955889e-12
38 14 -6.27764188e-10
39 14 2.11688849e-11
40 14 1.93913027e-12
41 14 4.12482645e-15
42 14 -8.63766938e-14
43 14 -1.13605642e-11
44 14 -6.19117425e-10
45 14 2.25756742e-11
46 14 1.94415321e-12
47 14 -3.63773385e-14
48 14 -8.00457916e-14
49 14 -2.6433745e-11
50 14 -6.18325973e-10
51 14 2.47779384e-11
52 14 1.94234822e-12
53 14 -8.37975522e-14
54 14 -7.18227961e-14
1 15 6.04017651e-12
2 15 1.15667079e-12
3 15 -3.86502091e-13
4 15 3.81540016e-15
5 15 -1.34374215e-14
6 15 4.83385818e-17
7 15 3.23952172e-11
8 15 2.6211144e-11
9 15 -3.1553869e-12
10 15 -1.05933873e-13
11 15 9.85946874e-14
12 15 -4.28613584e-17
13 15 -0.207273878
14 15 -0.0186986891
15 15 59596.2655
16 15 0.000345302398
17 15 -0.000154673144
18 15 -4.8110702e-22
19 15 4.13584626e-12
20 15 1.40030361e-12
21 15 -2.28894941e-13
22 15 2.98962121e-15
23 15 -8.83304057e-15
24 15 -1.88947437e-17
25 15 6.32277722e-12
26 15 1.32621993e-12
27 15 -3.39196102e-13
28 15 4.48586756e-15
29 15 -1.48735302e-14
30 15 -5.82111176e-17
31 15 3.11356026e-11
32 15 2.76557146e-11
33 15 -2.61720563e-12
34 15 -1.10476586e-13
35 15 9.86213295e-14
36 15 4.77965597e-16
37 15 3.24557281e-11
38 15 2.66089093e-11
39 15 -2.54537672e-12
40 15 -1.0854229e-13
41 15 1.00339293e-13
42 15 1.00288755e-16
43 15 3.2594523e-11
44 15 2.61281191e-11
45 15 -2.46214899e-12
46 15 -1.06257298e-13
47 15 1.02866521e-13
48 15 -4.50467018e-16
49 15 3.32344205e-11
50 15 2.53135058e-11
51 15 -2.42276505e-12
52 15 -1.03700654e-13
53 15 1.05443869e-13
54 15 -1.26954278e-15
1 16 3.78024453e-15
2 16 -2.28447795e-13
3 16 4.19222471e-15
4 16 -5.49258009e-16
5 16 -8.58323229e-18
6 16 3.09895957e-17
7 16 7.53361494e-15
8 16 3.13787467e-12
9 16 -1.77155396e-13
10 16 -1.5378326e-14
11 16 8.75363459e-17
12 16 8.3497557e-16
13 16 1.78889507e-05
14 16 -0.00299879081
15 16 0.000345302398
16 16 59596.2507
17 16 -9.31326526e-17
18 16 -2.69318915e-06
19 16 2.58879627e-15
20 16 -1.77289806e-13
21 16 2.50903236e-15
22 16 -3.7767104e-16
23 16 -5.24480294e-18
24 16 1.90763908e-17
25 16 6.79090946e-15
26 16 -2.40351364e-13
27 16 2.10242744e-15
28 16 -6.11719787e-16
29 16 -1.70848028e-17
30 16 2.92623553e-17
31 16 -7.43961284e-14
32 16 3.17930883e-12
33 16 -1.40901576e-13
34 16 -1.56288511e-14
35 16 -3.29649477e-16
36 16 7.51088257e-16
37 16 -3.40022325e-15
38 16 3.16597551e-12
39 16 -1.4087726e-13
40 16 -1.56356816e-14
41 16 1.70082331e-17
42 16 6.96237157e-16
43 16 6.28130362e-14
44 16 3.16933858e-12
45 16 -1.46542766e-13
46 16 -1.56234112e-14
47 16 3.41878245e-16
48 16 6.43053656e-16
49 16 1.40239749e-13
50 16 3.16525345e-12
51 16 -1.57814614e-13
52 16 -1.56071442e-14
53 16 7.22497983e-16
54 16 5.76908147e-16
1 17 2.27261827e-13
2 17 2.88754693e-15
3 17 -1.2796442e-14
4 17 7.47478088e-18
5 17 -5.47864627e-16
6 17 1.1290319e-17
7 17 -3.13847254e-12
8 17 4.51289185e-14
9 17 1.68856195e-13
10 17 -1.70587681e-16
11 17 -1.5375072e-14
12 17 8.10568874e-16
13 17 0.00300678028
14 17 -1.78889507e-05
15 17 -0.000154673144
16 17 -9.31326526e-17
17 17 59596.2507
18 17 -2.38390515e-06
19 17 1.76425106e-13
20 17 2.03724766e-15
21 17 -8.90519258e-15
22 17 4.62127108e-18
23 17 -3.76703928e-16
24 17 5.37540771e-18
25 17 2.39322677e-13
26 17 6.28545357e-15
27 17 -1.14327732e-14
28 17 1.6224147e-17
29 17 -6.10345004e-16
30 17 6.61477318e-18
31 17 -3.17801599e-12
32 17 -4.52702231e-14
33 17 1.5155866e-13
34 17 2.58918436e-16
35 17 -1.5623921e-14
36 17 6.38916425e-16
37 17 -3.16556184e-12
38 17 2.4210114e-14
39 17 1.39847672e-13
40 17 -8.52365112e-17
41 17 -1.56316313e-14
42 17 6.36074232e-16
43 17 -3.17052397e-12
44 17 8.97143757e-14
45 17 1.29373546e-13
46 17 -4.09129954e-16
47 17 -1.56214251e-14
48 17 6.6486021e-16
49 17 -3.16900058e-12
50 17 1.66692628e-13
51 17 1.15959837e-13
52 17 -7.89160365e-16
53 17 -1.56085782e-14
54 17 7.20364646e-16
1 18 -3.32549292e-15
2 18 1.18928006e-14
3 18 -4.26245766e-17
4 18 2.85797759e-17
5 18 9.10805702e-18
6 18 -1.82301817e-18
7 18 1.68483103e-13
8 18 -1.65081368e-13
9 18 9.82464386e-17
10 18 8.06473372e-16
11 18 7.57277468e-16
12 18 -8.42372847e-17
13 18 -0.000347136541
14 18 0.000155916043
15 18 -4.8110702e-22
16 18 -2.69318915e-06
17 18 -2.38390515e-06
18 18 59596.2507
19 18 -3.12092958e-15
20 18 9.23038795e-15
21 18 1.95848743e-17
22 18 1.96582416e-17
23 18 6.64904811e-18
24 18 -1.08786787e-18
25 18 -3.67343715e-15
26 18 1.24670855e-14
27 18 4.88967981e-17
28 18 3.17042096e-17
29 18 1.05867453e-17
30 18 -1.65974685e-18
31 18 1.73776982e-13
32 18 -1.62395141e-13
33 18 -8.01772224e-16
34 18 7.98153758e-16
35 18 7.92746509e-16
36 18 -7.13637025e-17
37 18 1.70373128e-13
38 18 -1.6541728e-13
39 18 -2.19007328e-16
40 18 8.15594222e-16
41 18 7.74299907e-16
42 18 -6.84042371e-17
43 18 1.66769966e-13
44 18 -1.69101221e-13
45 18 6.55481959e-16
46 18 8.31029458e-16
47 18 7.57234197e-16
48 18 -6.7063325e-17
49 18 1.62669937e-13
50 18 -1.73018852e-13
51 18 1.95892127e-15
52 18 8.49038737e-16
53 18 7.36852293e-16
54 18 -6.63852002e-17
1 19 -9.11114242e-11
2 19 1.3449432e-13
3 19 5.10708069e-12
4 19 4.93108798e-17
5 19 2.31330909e-13
6 19 -5.21235328e-15
7 19 -9.68851943e-11
8 19 2.35957553e-12
9 19 5.23902179e-12
10 19 6.07318192e-15
11 19 2.61717369e-13
12 19 -5.56220067e-15
13 19 -7.95440481e-11
14 19 1.24036213e-12
15 19 4.13584626e-12
16 19 2.58879627e-15
17 19 1.76425106e-13
18 19 -3.12092958e-15
19 19 59597.2511
20 19 -0.00149977726
21 19 -0.0503038651
22 19 -1.59930605e-06
23 19 -0.00213613278
24 19 3.18804029e-05
25 19 -9.62152787e-11
26 19 -1.16744007e-12
27 19 4.58390001e-12
28 19 -3.28754138e-15
29 19 2.58232822e-13
30 19 -3.23749775e-15
31 19 -9.62118402e-11
32 19 -3.84533034e-13
33 19 4.66425018e-12
34 19 -1.15109954e-15
35 19 2.58241919e-13
36 19 -2.45416872e-15
37 19 -9.61810603e-11
38 19 1.73009375e-12
39 19 4.32732446e-12
40 19 4.53491047e-15
41 19 2.58121197e-13
42 19 -2.40364986e-15
43 19 -9.61176212e-11
44 19 3.72730808e-12
45 19 4.00062054e-12
46 19 9.88226907e-15
47 19 2.57912032e-13
48 19 -2.86390739e-15
49 19 -9.59999277e-11
50 19 6.07296379e-12
51 19 3.59291537e-12
52 19 1.61518913e-14
53 19 2.57548499e-13
54 19 -3.75803736e-15
1 20 4.19624094e-13
2 20 -9.18094387e-11
3 20 2.04401953e-12
4 20 -2.3248913e-13
5 20 -7.71920322e-16
6 20 1.30568563e-14
7 20 -1.82054202e-12
8 20 -9.76228039e-11
9 20 2.05047893e-12
10 20 -2.6304451e-13
11 20 5.20471484e-15
12 20 1.42480246e-14
13 20 -8.47843589e-13
14 20 -8.01274063e-11
15 20 1.40030361e-12
16 20 -1.77289806e-13
17 20 2.03724766e-15
18 20 9.23038795e-15
19 20 -0.00149977726
20 20 59597.2557
21 20 -0.0148866924
22 20 0.00214106373
23 20 1.59930605e-06
24 20 -0.000107727589
25 20 1.56873882e-12
26 20 -9.68770262e-11
27 20 1.19863368e-12
28 20 -2.59464214e-13
29 20 -4.04843747e-15
30 20 1.23732557e-14
31 20 7.40858552e-13
32 20 -9.6898293e-11
33 20 9.0589534e-13
34 20 -2.5949867e-13
35 20 -1.86637075e-15
36 20 1.25882857e-14
37 20 -1.40030416e-12
38 20 -9.68280365e-11
39 20 8.88089937e-13
40 20 -2.59351018e-13
41 20 3.8577583e-15
42 20 1.16754543e-14
43 20 -3.39684472e-12
44 20 -9.67239233e-11
45 20 1.06105562e-12
46 20 -2.59113095e-13
47 20 9.21818093e-15
48 20 1.07927199e-14
49 20 -5.72965741e-12
50 20 -9.65543934e-11
51 20 1.39644114e-12
52 20 -2.58711856e-13
53 20 1.54924735e-14
54 20 9.69326464e-15
1 21 4.57700997e-12
2 21 1.35997329e-12
3 21 -2.87334588e-13
4 21 3.45851365e-15
5 21 -1.16253475e-14
6 21 6.78281129e-17
7 21 4.90080159e-12
8 21 1.33458489e-12
9 21 -2.94067894e-13
10 21 3.61035818e-15
11 21 -1.32428762e-14
12 21 6.76942329e-17
13 21 4.01399465e-12
14 21 1.13043704e-12
15 21 -2.28894941e-13
16 21 2.50903236e-15
17 21 -8.90519258e-15
18 21 1.95848743e-17
19 21 -0.0503038651
20 21 -0.0148866924
21 21 59596.2534
22 21 -3.17929058e-05
23 21 0.000107431927
24 21 -5.88078453e-23
25 21 4.81664706e-12
26 21 1.50090524e-12
27 21 -2.48431578e-13
28 21 4.02793998e-15
29 21 -1.29298412e-14
30 21 -2.13382012e-17
31 21 4.82879849e-12
32 21 1.46183858e-12
33 21 -2.48115597e-13
34 21 3.92098164e-15
35 21 -1.29627826e-14
36 21 -6.39437656e-17
37 21 4.85912497e-12
38 21 1.35441879e-12
39 21 -2.30901867e-13
40 21 3.6327553e-15
41 21 -1.30419231e-14
42 21 -5.28960179e-17
43 21 4.88565563e-12
44 21 1.25240129e-12
45 21 -2.17042285e-13
46 21 3.36022062e-15
47 21 -1.31112003e-14
48 21 -1.66022901e-17
49 21 4.91446306e-12
50 21 1.13188201e-12
51 21 -2.0152592e-13
52 21 3.03886127e-15
53 21 -1.31863166e-14
54 21 4.47431553e-17
1 22 7.4859752e-16
2 22 -1.95578685e-13
3 22 4.36245901e-15
4 22 -4.95264559e-16
5 22 -1.27544523e-18
6 22 2.78063169e-17
7 22 -4.03277e-15
8 22 -2.07959175e-13
9 22 4.3764297e-15
10 22 -5.60346161e-16
11 22 1.15048657e-17
12 22 3.03432691e-17
13 22 -1.93300196e-15
14 22 -1.70691038e-13
15 22 2.98962121e-15
16 22 -3.7767104e-16
17 22 4.62127108e-18
18 22 1.96582416e-17
19 22 -1.59930605e-06
20 22 0.00214106373
21 22 -3.17929058e-05
22 22 59596.2507
23 22 -2.61401856e-19
24 22 -2.29438013e-07
25 22 3.18838201e-15
26 22 -2.06376092e-13
27 22 2.56072439e-15
28 22 -5.52734093e-16
29 22 -8.21240536e-18
30 22 2.63532127e-17
31 22 1.42477893e-15
32 22 -2.06420147e-13
33 22 1.93724083e-15
34 22 -5.52804088e-16
35 22 -3.56399941e-18
36 22 2.68125342e-17
37 22 -3.13642682e-15
38 22 -2.06267109e-13
39 22 1.89877314e-15
40 22 -5.52480479e-16
41 22 8.62974888e-18
42 22 2.48680372e-17
43 22 -7.38949625e-15
44 22 -2.06042135e-13
45 22 2.26671569e-15
46 22 -5.51965112e-16
47 22 2.00485632e-17
48 22 2.29868405e-17
49 22 -1.23588296e-14
50 22 -2.05677249e-13
51 22 2.98052717e-15
52 22 -5.51100364e-16
53 22 3.3413921e-17
54 22 2.06432778e-17
1 23 1.94539304e-13
2 23 -1.40742183e-16
3 23 -1.09078348e-14
4 23 2.6551282e-19
5 23 -4.93933632e-16
6 23 1.11085269e-17
7 23 2.06870959e-13
8 23 -4.88243593e-15
9 23 -1.11895641e-14
10 23 -1.2547848e-17
11 23 -5.58823954e-16
12 23 1.18536169e-17
13 23 1.69842809e-13
14 23 -2.52060917e-15
15 23 -8.83304057e-15
16 23 -5.24480294e-18
17 23 -3.76703928e-16
18 23 6.64904811e-18
19 23 -0.00213613278
20 23 1.59930605e-06
21 23 0.000107431927
22 23 -2.61401856e-19
23 23 59596.2507
24 23 -6.78988209e-08
25 23 2.05435158e-13
26 23 2.64721422e-15
27 23 -9.78939768e-15
28 23 7.43334104e-18
29 23 -5.51369034e-16
30 23 6.89293039e-18
31 23 2.05429136e-13
32 23 9.75594828e-16
33 23 -9.96049346e-15
34 23 2.87169211e-18
35 23 -5.51391939e-16
36 23 5.22003308e-18
37 23 2.0536683e-13
38 23 -3.53964188e-15
39 23 -9.24106548e-15
40 23 -9.26924085e-18
41 23 -5.51143305e-16
42 23 5.11362175e-18
43 23 2.0523456e-13
44 23 -7.804235e-15
45 23 -8.54376724e-15
46 23 -2.06872335e-17
47 23 -5.50705248e-16
48 23 6.09776575e-18
49 23 2.04986983e-13
50 23 -1.28129201e-14
51 23 -7.67377517e-15
52 23 -3.40746925e-17
53 23 -5.49939043e-16
54 23 8.00865442e-18
1 24 -2.93370413e-15
2 24 9.84045899e-15
3 24 -5.70669672e-17
4 24 2.49097689e-17
5 24 7.41719788e-18
6 24 -1.56413444e-18
7 24 -2.87676041e-15
8 24 1.05338336e-14
9 24 -5.35757297e-17
10 24 2.83743736e-17
11 24 7.7403011e-18
12 24 -1.70284486e-18
13 24 -2.43116018e-15
14 24 8.62394246e-15
15 24 -1.88947437e-17
16 24 1.90763908e-17
17 24 5.37540771e-18
18 24 -1.08786787e-18
19 24 3.18804029e-05
20 24 -0.000107727589
21 24 -5.88078453e-23
22 24 -2.29438013e-07
23 24 -6.78988209e-08
24 24 59596.2507
25 24 -3.21863794e-15
26 24 1.03421068e-14
27 24 1.69174181e-17
28 24 2.76940034e-17
29 24 8.62117695e-18
30 24 -1.42828139e-18
31 24 -3.12983225e-15
32 24 1.03692079e-14
33 24 5.08281014e-17
34 24 2.77654322e-17
35 24 8.38768514e-18
36 24 -1.42648313e-18
37 24 -2.89945844e-15
38 24 1.04287264e-14
39 24 4.20532716e-17
40 24 2.79298918e-17
41 24 7.77059114e-18
42 24 -1.3270833e-18
43 24 -2.68354355e-15
44 24 1.0480895e-14
45 24 1.31638749e-17
46 24 2.8073943e-17
47 24 7.18965942e-18
48 24 -1.24710248e-18
49 24 -2.42988127e-15
50 24 1.05371026e-14
51 24 -3.56949057e-17
52 24 2.82297378e-17
53 24 6.50592401e-18
54 24 -1.15765904e-18
1 25 -6.75348914e-10
2 25 1.23367563e-11
3 25 3.72251021e-11
4 25 4.06217232e-14
5 25 2.48944798e-12
6 25 -1.13962221e-13
7 25 -7.3990759e-10
8 25 3.04782102e-11
9 25 3.92085202e-11
10 25 1.19384331e-13
11 25 3.03386675e-12
12 25 -1.38358403e-13
13 25 -1.21942578e-10
14 25 3.47730553e-12
15 25 6.32277722e-12
16 25 6.79090946e-15
17 25 2.39322677e-13
18 25 -3.67343715e-15
19 25 -9.62152787e-11
20 25 1.56873882e-12
21 25 4.81664706e-12
22 25 3.18838201e-15
23 25 2.05435158e-13
24 25 -3.21863794e-15
25 25 59610.5844
26 25 15.5741395
27 25 4.5812356
28 25 35.5822029
29 25 -48.6995232
30 25 89.2555271
31 25 -0.0661882742
32 25 -0.137445998
33 25 -0.0100445423
34 25 -0.357077596
35 25 0.225885935
36 25 -0.736282139
37 25 -0.0712970864
38 25 -0.142173186
39 25 -0.0105165901
40 25 -0.372454671
41 25 0.244847018
42 25 -0.783148281
43 25 -0.0766600807
44 25 -0.147154942
45 25 -0.0109293622
46 25 -0.388513707
47 25 0.264410075
48 25 -0.832887868
49 25 -0.0656685883
50 25 -0.118155989
51 25 -0.00851666459
52 25 -0.335983438
53 25 0.24010124
54 25 -0.741826914
55 25 -0.0437180131
56 25 -0.0819516812
57 25 -0.0069534029
58 25 -0.207588656
59 25 0.149113901
60 25 -0.451134049
61 25 -0.0248971066
62 25 -0.0445229551
63 25 -0.00327229966
64 25 -0.11647701
65 25 0.0840366537
66 25 -0.257195156
67 25 -0.0270583908
68 25 -0.0465737252
69 25 -0.00312451356
70 25 -0.120716169
71 25 0.088425017
72 25 -0.27264953
1 26 -4.637941e-12
2 26 -6.77493253e-10
3 26 2.8055241e-11
4 26 -2.49368597e-12
5 26 2.1831967e-14
6 26 1.38428094e-13
7 26 -2.22875598e-11
8 26 -7.42198744e-10
9 26 3.05524593e-11
10 26 -3.03911697e-12
11 26 9.67430877e-14
12 26 1.62040012e-13
13 26 -3.19543982e-12
14 26 -1.22738953e-10
15 26 1.32621993e-12
16 26 -2.40351364e-13
17 26 6.28545357e-15
18 26 1.24670855e-14
19 26 -1.16744007e-12
20 26 -9.68770262e-11
21 26 1.50090524e-12
22 26 -2.06376092e-13
23 26 2.64721422e-15
24 26 1.03421068e-14
25 26 15.5741395
26 26 59642.8976
27 26 -1.96993512
28 26 121.827698
29 26 -35.5822572
30 26 219.533351
31 26 -0.14485123
32 26 -0.341006858
33 26 0.00440945713
34 26 -0.936345368
35 26 0.376892601
36 26 -1.77681901
37 26 -0.157194402
38 26 -0.353422145
39 26 0.00420397864
40 26 -0.981197763
41 26 0.416223953
42 26 -1.89223932
43 26 -0.170060591
44 26 -0.366204432
45 26 0.00416132191
46 26 -1.02728103
47 26 0.456692598
48 26 -2.01329689
49 26 -0.14233919
50 26 -0.284021968
51 26 0.00318614313
52 26 -0.862796103
53 26 0.414335575
54 26 -1.73586833
55 26 -0.105854348
56 26 -0.222873562
57 26 0.0021220664
58 26 -0.608585989
59 26 0.277744979
60 26 -1.19880404
61 26 -0.0587104748
62 26 -0.117244267
63 26 0.00242265948
64 26 -0.332169033
65 26 0.152666197
66 26 -0.661490139
67 26 -0.0636753012
68 26 -0.121571444
69 26 0.00310337307
70 26 -0.342181241
71 26 0.161483126
72 26 -0.694971787
1 27 3.1848404e-11
2 27 2.12228389e-11
3 27 -2.81144358e-12
4 27 8.79136509e-14
5 27 -1.17499842e-13
6 27 3.55331509e-16
7 27 3.54506681e-11
8 27 2.27180615e-11
9 27 -3.00524545e-12
10 27 1.05138214e-13
11 27 -1.45735694e-13
12 27 5.82753092e-16
13 27 5.81280982e-12
14 27 5.31614636e-13
15 27 -3.39196102e-13
16 27 2.10242744e-15
17 27 -1.14327732e-14
18 27 4.88967981e-17
19 27 4.58390001e-12
20 27 1.19863368e-12
21 27 -2.48431578e-13
22 27 2.56072439e-15
23 27 -9.78939768e-15
24 27 1.69174181e-17
25 27 4.5812356
26 27 -1.96993512
27 27 59605.2885
28 27 -22.2924683
29 27 -54.935844
30 27 5.43151834e-05
31 27 -0.0100787696
32 27 0.00405840793
33 27 -0.0190958586
34 27 0.0475134601
35 27 0.111144613
36 27 -0.00126299199
37 27 -0.0100902418
38 27 0.00468362713
39 27 -0.0197211543
40 27 0.0527334722
41 27 0.115322041
42 27 0.000619166943
43 27 -0.0101609671
44 27 0.00514507602
45 27 -0.0203583425
46 27 0.0576908363
47 27 0.119693193
48 27 0.00168612303
49 27 -0.00761482254
50 27 0.00435987417
51 27 -0.0158621203
52 27 0.0522947946
53 27 0.0998160971
54 27 0.00246787579
55 27 -0.00602018843
56 27 0.0035103823
57 27 -0.0124520382
58 27 0.0357989745
59 27 0.0709163677
60 27 0.00269662531
61 27 -0.00383359575
62 27 0.000619853674
63 27 -0.00668931606
64 27 0.0171444795
65 27 0.0406989762
66 27 -0.00605407093
67 27 -0.0042467604
68 27 -6.31199036e-06
69 27 -0.00686923065
70 27 0.0165013483
71 27 0.0423089123
72 27 -0.0102404956
1 28 -2.15520395e-14
2 28 -2.72570317e-12
3 28 1.23976602e-13
4 28 -1.08242783e-14
5 28 1.11660233e-16
6 28 5.99650612e-16
7 28 -9.36626192e-14
8 28 -3.00805093e-12
9 28 1.35728862e-13
10 28 -1.33189554e-14
11 28 4.45182547e-16
12 28 7.08338177e-16
13 28 -7.44268637e-15
14 28 -2.88420533e-13
15 28 4.48586756e-15
16 28 -6.11719787e-16
17 28 1.6224147e-17
18 28 3.17042096e-17
19 28 -3.28754138e-15
20 28 -2.59464214e-13
21 28 4.02793998e-15
22 28 -5.52734093e-16
23 28 7.43334104e-18
24 28 2.76940034e-17
25 28 35.5822029
26 28 121.827698
27 28 -22.2924683
28 28 59986.3808
29 28 0.898025761
30 28 627.423996
31 28 -0.400078668
32 28 -0.989059711
33 28 0.0492317141
34 28 -2.80008947
35 28 0.881583448
36 28 -5.14383459
37 28 -0.4357565
38 28 -1.02608189
39 28 0.0498495772
40 28 -2.94049249
41 28 0.987814848
42 28 -5.4831216
43 28 -0.472837509
44 28 -1.06385781
45 28 0.0509585689
46 28 -3.08400957
47 28 1.09701106
48 28 -5.8373253
49 28 -0.410660821
50 28 -0.856523154
51 28 0.0419069709
52 28 -2.68826079
53 28 1.03795482
54 28 -5.20322854
55 28 -0.277320157
56 28 -0.61028676
57 28 0.0262839631
58 28 -1.71254325
59 28 0.637857863
60 28 -3.26074911
61 28 -0.15895917
62 28 -0.331675997
63 28 0.0183388678
64 28 -0.966155398
65 28 0.36048092
66 28 -1.8548796
67 28 -0.17224842
68 28 -0.342800763
69 28 0.0205678689
70 28 -0.993281836
71 28 0.382573714
72 28 -1.94209064
1 29 2.72084901e-12
2 29 -4.67057877e-14
3 29 -1.49935575e-13
4 29 -1.59383333e-16
5 29 -1.08162512e-14
6 29 5.18107824e-16
7 29 3.00302347e-12
8 29 -1.2026203e-13
9 29 -1.58978361e-13
10 29 -5.02271712e-16
11 29 -1.33093073e-14
12 29 6.3360643e-16
13 29 2.87094871e-13
14 29 -8.24594104e-15
15 29 -1.48735302e-14
16 29 -1.70848028e-17
17 29 -6.10345004e-16
18 29 1.05867453e-17
19 29 2.58232822e-13
20 29 -4.04843747e-15
21 29 -1.29298412e-14
22 29 -8.21240536e-18
23 29 -5.51369034e-16
24 29 8.62117695e-18
25 29 -48.6995232
26 29 -35.5822572
27 29 -54.935844
28 29 0.898025761
29 29 59988.1642
30 29 -256.645406
31 29 0.239091041
32 29 0.379069016
33 29 0.117300021
34 29 0.816386206
35 29 -1.17531633
36 29 2.1513276
37 29 0.254005517
38 29 0.389901874
39 29 0.121570331
40 29 0.836936589
41 29 -1.25023556
42 29 2.27967684
43 29 0.269937199
44 29 0.402230998
45 29 0.125725318
46 29 0.860695432
47 29 -1.32784461
48 29 2.4202481
49 29 0.23351919
50 29 0.332956788
51 29 0.101324445
52 29 0.756413159
53 29 -1.20012142
54 29 2.21703117
55 29 0.144954939
56 29 0.207084677
57 29 0.0731723753
58 29 0.407932964
59 29 -0.715060198
60 29 1.21433542
61 29 0.0874216064
62 29 0.122763838
63 29 0.0392675906
64 29 0.251454082
65 29 -0.419739748
66 29 0.752435838
67 29 0.0953715061
68 29 0.131358646
69 29 0.0396588146
70 29 0.266295978
71 29 -0.439344083
72 29 0.814814957
1 30 -9.75404213e-14
2 30 1.29534923e-13
3 30 -3.83091294e-16
4 30 5.13173388e-16
5 30 4.08575126e-16
6 30 -4.86381522e-17
7 30 -1.04998471e-13
8 30 1.45450118e-13
9 30 -5.76456795e-16
10 30 6.43200014e-16
11 30 4.91877089e-16
12 30 -5.84309919e-17
13 30 -2.63860895e-15
14 30 1.37931237e-14
15 30 -5.82111176e-17
16 30 2.92623553e-17
17 30 6.61477318e-18
18 30 -1.65974685e-18
19 30 -3.23749775e-15
20 30 1.23732557e-14
21 30 -2.13382012e-17
22 30 2.63532127e-17
23 30 6.89293039e-18
24 30 -1.42828139e-18
25 30 89.2555271
26 30 219.533351
27 30 5.43151834e-05
28 30 627.423996
29 30 -256.645406
30 30 60776.8063
31 30 -0.805254394
32 30 -1.84719594
33 30 0.00138458714
34 30 -5.0607878
35 30 2.21080864
36 30 -9.74035513
37 30 -0.872795918
38 30 -1.91415328
39 30 -0.000471650776
40 30 -5.30106609
41 30 2.4326532
42 30 -10.3743226
43 30 -0.943286001
44 30 -1.98332645
45 30 -0.0014605166
46 30 -5.54852579
47 30 2.66112153
48 30 -11.0406251
49 30 -0.822138272
50 30 -1.60698401
51 30 -0.00203143767
52 30 -4.84784531
53 30 2.50036867
54 30 -9.90990688
55 30 -0.533157718
56 30 -1.10548703
57 30 -0.00219602322
58 30 -2.99615719
59 30 1.45757296
60 30 -5.97058548
61 30 -0.306485266
62 30 -0.603109152
63 30 0.00525042165
64 30 -1.69206846
65 30 0.83015505
66 30 -3.41304858
67 30 -0.332499175
68 30 -0.626069407
69 30 0.00856158644
70 30 -1.74432353
71 30 0.877299059
72 30 -3.5899928
1 31 -6.60607835e-10
2 31 6.56264734e-12
3 31 3.66317578e-11
4 31 1.93874612e-14
5 31 2.47521934e-12
6 31 -1.13004109e-13
7 31 -1.05195854e-09
8 31 3.51286164e-11
9 31 5.58890211e-11
10 31 4.78791947e-14
11 31 1.59175003e-12
12 31 -5.83451505e-14
13 31 -6.13024527e-10
14 31 1.52579453e-11
15 31 3.11356026e-11
16 31 -7.43961284e-14
17 31 -3.17801599e-12
18 31 1.73776982e-13
19 31 -9.62118402e-11
20 31 7.40858552e-13
21 31 4.82879849e-12
22 31 1.42477893e-15
23 31 2.05429136e-13
24 31 -3.12983225e-15
25 31 -0.0661882742
26 31 -0.14485123
27 31 -0.0100787696
28 31 -0.400078668
29 31 0.239091041
30 31 -0.805254394
31 31 59637.2129
32 31 57.5794784
33 31 24.2020516
34 31 51.0541312
35 31 -69.9812824
36 31 128.225207
37 31 -0.0885121126
38 31 -0.181230183
39 31 -0.0130619718
40 31 -0.45387529
41 31 0.290180298
42 31 -0.944072586
43 31 -0.0951874301
44 31 -0.187428144
45 31 -0.0135566248
46 31 -0.473000548
47 31 0.313236959
48 31 -1.00284541
49 31 -0.0856295035
50 31 -0.159496058
51 31 -0.0114002667
52 31 -0.424876486
53 31 0.294637489
54 31 -0.924872968
55 31 -0.0649814319
56 31 -0.123979726
57 31 -0.0100167591
58 31 -0.296001177
59 31 0.206714327
60 31 -0.637791962
61 31 -0.0287736885
62 31 -0.0521642047
63 31 -0.00364707742
64 31 -0.125692418
65 31 0.088604137
66 31 -0.275447453
67 31 -0.0301603343
68 31 -0.0522864583
69 31 -0.00326076397
70 31 -0.12867182
71 31 0.0921869382
72 31 -0.288599385
73 31 -0.00258457199
74 31 -0.00440759449
75 31 -0.000267118789
76 31 -0.00359664501
77 31 0.00259392298
78 31 -0.00800359872
79 31 -1.19101602e-06
80 31 -2.13605162e-06
81 31 -2.10040412e-07
82 31 -3.79413231e-08
83 31 2.89505957e-08
84 31 -7.9352388e-08
1 32 9.93488574e-13
2 32 -6.62991642e-10
3 32 2.80415582e-11
4 32 -2.48063025e-12
5 32 1.42332211e-15
6 32 1.38602589e-13
7 32 -2.22704417e-11
8 32 -1.05473796e-09
9 32 4.83946096e-11
10 32 -1.59741797e-12
11 32 3.90812566e-14
12 32 8.61482329e-14
13 32 -7.86558107e-12
14 32 -6.14113013e-10
15 32 2.76557146e-11
16 32 3.17930883e-12
17 32 -4.52702231e-14
18 32 -1.62395141e-13
19 32 -3.84533034e-13
20 32 -9.6898293e-11
21 32 1.46183858e-12
22 32 -2.06420147e-13
23 32 9.75594828e-16
24 32 1.03692079e-14
25 32 -0.137445998
26 32 -0.341006858
27 32 0.00405840793
28 32 -0.989059711
29 32 0.379069016
30 32 -1.84719594
31 32 57.5794784
32 32 59790.3318
33 32 -8.06891811
34 32 174.530052
35 32 -51.0541167
36 32 314.393632
37 32 -0.190366689
38 32 -0.440174303
39 32 0.0049654792
40 32 -1.15625177
41 32 0.480870197
42 32 -2.21574012
43 32 -0.20601267
44 32 -0.455651641
45 32 0.00491312815
46 32 -1.20909783
47 32 0.527416588
48 32 -2.35436578
49 32 -0.183493272
50 32 -0.381319632
51 32 0.00400016175
52 32 -1.06859835
53 32 0.498501591
54 32 -2.12833508
55 32 -0.151852014
56 32 -0.324578399
57 32 0.00292288311
58 32 -0.826267445
59 32 0.37367726
60 32 -1.62388329
61 32 -0.0654386078
62 32 -0.13246996
63 32 0.0026897954
64 32 -0.338990106
65 32 0.155449392
66 32 -0.673948814
67 32 -0.0678017865
68 32 -0.129759752
69 32 0.00327574586
70 32 -0.343546413
71 32 0.162306372
72 32 -0.697393539
73 32 -0.00611137824
74 32 -0.0115828857
75 32 0.000383079711
76 32 -0.0102670185
77 32 0.0047394161
78 32 -0.0205163409
79 32 -3.31922002e-06
80 32 -7.18883598e-06
81 32 3.09387784e-07
82 32 -1.41494117e-07
83 32 5.4533109e-08
84 32 -2.55887951e-07
1 33 3.17036957e-11
2 33 1.96461844e-11
3 33 -2.70957103e-12
4 33 8.08180573e-14
5 33 -1.18897275e-13
6 33 8.56647563e-16
7 33 5.09916861e-11
8 33 3.44814892e-11
9 33 -4.47762217e-12
10 33 3.71285231e-14
11 33 -7.86728845e-14
12 33 7.35791139e-16
13 33 2.92945466e-11
14 33 2.17050173e-11
15 33 -2.61720563e-12
16 33 -1.40901576e-13
17 33 1.5155866e-13
18 33 -8.01772224e-16
19 33 4.66425018e-12
20 33 9.0589534e-13
21 33 -2.48115597e-13
22 33 1.93724083e-15
23 33 -9.96049346e-15
24 33 5.08281014e-17
25 33 -0.0100445423
26 33 0.00440945713
27 33 -0.0190958586
28 33 0.0492317141
29 33 0.117300021
30 33 0.00138458714
31 33 24.2020516
32 33 -8.06891811
33 33 59637.9135
34 33 -31.9561834
35 33 -78.6407338
36 33 -1.44846778e-05
37 33 -0.0124938241
38 33 0.00599342311
39 33 -0.0244350878
40 33 0.0613913534
41 33 0.135108151
42 33 0.0022405195
43 33 -0.0125685128
44 33 0.00655893166
45 33 -0.0251973843
46 33 0.0670957978
47 33 0.140050896
48 33 0.00354207659
49 33 -0.0101920108
50 33 0.00589173984
51 33 -0.0211161018
52 33 0.0632641652
53 33 0.1228075
54 33 0.00437003328
55 33 -0.008632683
56 33 0.00522125609
57 33 -0.0179559206
58 33 0.048236637
59 33 0.0952151203
60 33 0.00475969161
61 33 -0.00428379914
62 33 0.000762431546
63 33 -0.00751550636
64 33 0.0175921174
65 33 0.0412197646
66 33 -0.00561985053
67 33 -0.00447089138
68 33 8.68846445e-05
69 33 -0.00730102945
