# name: debug
# type: sparse matrix
# nnz: 14400
# rows: 120
# columns: 120

1 1 838.609973
2 1 -230.740347
3 1 44.0549363
4 1 -0.58051443
5 1 -14.000102
6 1 -7.04636826
7 1 -0.181819748
8 1 0.0313788995
9 1 0.00428303112
10 1 0.000131973949
11 1 0.00565975852
12 1 0.0018674546
13 1 -0.177468848
14 1 0.0022280035
15 1 0.00756695626
16 1 0.000151274135
17 1 0.00646315629
18 1 0.00122000302
19 1 -0.143467884
20 1 -0.00358364774
21 1 -0.00123020936
22 1 -0.000533801268
23 1 0.00442494503
24 1 0.00219189395
25 1 -0.119561467
26 1 0.0194300132
27 1 -0.00455273788
28 1 -7.44769903e-05
29 1 0.00372291343
30 1 0.00138781544
31 1 -0.102656149
32 1 0.0280150457
33 1 -0.00512247733
34 1 0.000150942183
35 1 0.00372810047
36 1 0.000415462155
37 1 -0.0954708351
38 1 0.0330679969
39 1 -0.0048340815
40 1 0.000194398525
41 1 0.00423867972
42 1 0.000167419708
43 1 -0.0751536446
44 1 0.0281241315
45 1 -0.00292614587
46 1 0.00012165255
47 1 0.00493067865
48 1 0.00123340198
49 1 -0.0982324144
50 1 0.0135819145
51 1 -0.00501844322
52 1 -0.00187051179
53 1 0.116388361
54 1 0.00621673612
55 1 -0.050716701
56 1 0.0234375314
57 1 -0.00303588061
58 1 5.86818142e-05
59 1 0.00789479688
60 1 0.00112249858
61 1 -0.051446821
62 1 0.0227603297
63 1 -0.00437126206
64 1 -0.00129592633
65 1 0.117798647
66 1 0.00668609041
67 1 -0.0463059838
68 1 0.0147177919
69 1 -0.00117200282
70 1 0.000105563207
71 1 0.00219761664
72 1 0.000642988736
73 1 -0.0333035211
74 1 0.0028244806
75 1 -0.000798491521
76 1 -7.37565116e-06
77 1 0.00157073161
78 1 0.000554677208
79 1 -0.0374216508
80 1 0.00471247895
81 1 -0.000670991925
82 1 2.88066097e-06
83 1 0.00171416147
84 1 0.000668508828
85 1 -0.0316653236
86 1 0.00441190248
87 1 -0.00133519635
88 1 2.11920303e-05
89 1 0.00101515739
90 1 0.000596943421
91 1 -0.0279654593
92 1 -0.00364560074
93 1 0.000922425199
94 1 -5.26908091e-05
95 1 0.000786877407
96 1 0.000526429837
97 1 -0.0275422809
98 1 -0.00755416543
99 1 0.00254855365
100 1 -0.000103696027
101 1 0.000801972928
102 1 0.000562428376
103 1 -0.0222589726
104 1 -0.00308212499
105 1 0.00134763775
106 1 -3.582219e-05
107 1 0.000634675486
108 1 0.000482265506
109 1 -0.0169693607
110 1 1.82408639e-05
111 1 0.0015897584
112 1 1.72837102e-06
113 1 0.000522894652
114 1 0.000329742916
115 1 -0.0181323082
116 1 -0.0024769515
117 1 0.000602438719
118 1 -3.00143742e-05
119 1 0.000530843969
120 1 0.000439799716
1 2 -230.740347
2 2 1783.8994
3 2 145.826922
4 2 20.5268197
5 2 0.58051397
6 2 1.33323161
7 2 0.0313935209
8 2 -0.631542334
9 2 -0.0102377747
10 2 -0.0115885638
11 2 -0.000157302997
12 2 0.00503279925
13 2 0.00255918978
14 2 -0.614165416
15 2 -0.00656648642
16 2 -0.0129027988
17 2 -0.000218369681
18 2 0.00758422446
19 2 -0.00452972933
20 2 -0.469044472
21 2 -0.00823655032
22 2 -0.00901274123
23 2 0.000534259045
24 2 0.00298952478
25 2 0.0178225427
26 2 -0.357057918
27 2 -0.00699870981
28 2 -0.00689459533
29 2 7.83326375e-05
30 2 0.000389719471
31 2 0.0263130434
32 2 -0.292481572
33 2 -0.00486601125
34 2 -0.0063483572
35 2 -0.000154393776
36 2 -0.000997878482
37 2 0.0313238831
38 2 -0.25901004
39 2 -0.00353183251
40 2 -0.00643078892
41 2 -0.000210665311
42 2 -0.000660192451
43 2 0.0259174862
44 2 -0.213004967
45 2 -0.00666001561
46 2 -0.00644899177
47 2 -9.2881444e-05
48 2 7.1385061e-05
49 2 0.0113171065
50 2 -0.25441595
51 2 -0.00367556462
52 2 -0.120771634
53 2 0.00240648989
54 2 0.0136838179
55 2 0.0214257965
56 2 -0.163709592
57 2 -0.00412381877
58 2 -0.00919811919
59 2 -1.2023606e-05
60 2 0.000634955715
61 2 0.0202740731
62 2 -0.158652914
63 2 -0.00370135912
64 2 -0.12105753
65 2 0.00203602144
66 2 0.0167939244
67 2 0.013023065
68 2 -0.124576844
69 2 -0.00371430978
70 2 -0.0031033248
71 2 -9.29683502e-05
72 2 0.000156452237
73 2 0.00179610978
74 2 -0.084497544
75 2 -0.00359236348
76 2 -0.00219172462
77 2 2.72094771e-05
78 2 0.00017088398
79 2 0.0033383438
80 2 -0.0962571646
81 2 -0.00416812618
82 2 -0.00241827143
83 2 2.14534906e-05
84 2 0.000159448109
85 2 0.00313088047
86 2 -0.0909440734
87 2 -0.00351891693
88 2 -0.00171412807
89 2 -1.5390896e-06
90 2 6.59030081e-05
91 2 -0.00410929523
92 2 -0.0733658728
93 2 -0.00360478574
94 2 -0.00133933504
95 2 6.79436128e-05
96 2 0.000538172814
97 2 -0.00790111595
98 2 -0.0780903124
99 2 -0.00351561156
100 2 -0.00141833743
101 2 0.000121057395
102 2 0.00075711669
103 2 -0.00350533029
104 2 -0.0551860985
105 2 -0.00318264161
106 2 -0.00100903445
107 2 5.08890414e-05
108 2 0.00053833174
109 2 -2.52010548e-05
110 2 -0.0507902775
111 2 -0.00221947527
112 2 -0.000893795487
113 2 9.73726643e-06
114 2 0.000536010166
115 2 -0.00302117487
116 2 -0.0423143885
117 2 -0.00269788075
118 2 -0.000796389589
119 2 4.50183541e-05
120 2 0.00037105028
1 3 44.0549363
2 3 145.826922
3 3 407.298501
4 3 2.84415463
5 3 -0.207379163
6 3 4.59690412e-07
7 3 0.00465539776
8 3 -0.0122541612
9 3 -0.0627435036
10 3 0.000116314427
11 3 -0.000947756027
12 3 2.37884252e-05
13 3 0.00784944833
14 3 -0.0109737366
15 3 -0.0620317238
16 3 0.000288167877
17 3 -0.00123085591
18 3 7.28310214e-05
19 3 0.000672562484
20 3 -0.0118649541
21 3 -0.0495619732
22 3 -0.000158362004
23 3 -0.000225271725
24 3 1.2338686e-05
25 3 -0.00183819898
26 3 -0.0109340612
27 3 -0.0406162158
28 3 -0.000153117527
29 3 -6.87143813e-05
30 3 7.09284798e-06
31 3 -0.0015179152
32 3 -0.00979432316
33 3 -0.0357196224
34 3 -7.9627006e-05
35 3 -3.18318563e-05
36 3 1.16029469e-05
37 3 -0.000918764538
38 3 -0.0092459758
39 3 -0.0313264617
40 3 -6.90018105e-05
41 3 -0.000181343734
42 3 3.08193551e-05
43 3 -5.98236254e-05
44 3 -0.00993458182
45 3 -0.0246867809
46 3 -0.000505075852
47 3 -0.00051180766
48 3 -3.89268128e-06
49 3 0.00215037667
50 3 -0.0102736288
51 3 -0.0279067384
52 3 -0.00928009233
53 3 -0.0172956637
54 3 0.000295431639
55 3 -0.000278780891
56 3 -0.00744276959
57 3 -0.0191437537
58 3 -0.000716136387
59 3 -0.0010347971
60 3 1.20823947e-05
61 3 -0.000801081808
62 3 -0.00745194728
63 3 -0.0182619555
64 3 -0.00954619383
65 3 -0.0182121472
66 3 0.000457294354
67 3 0.00128689785
68 3 -0.00702985532
69 3 -0.0154608042
70 3 -0.000237433025
71 3 -0.000218308439
72 3 5.65774385e-06
73 3 0.00131990141
74 3 -0.00550152025
75 3 -0.0111049324
76 3 -0.00021789875
77 3 -0.000120514909
78 3 -1.17475642e-05
79 3 0.00176679611
80 3 -0.00641701059
81 3 -0.0123791035
82 3 -0.000249747601
83 3 -0.000140063879
84 3 -1.53848536e-05
85 3 0.00123047955
86 3 -0.0058440139
87 3 -0.0118014629
88 3 -0.000186150267
89 3 -2.60008226e-05
90 3 -2.00687478e-05
91 3 0.00235594609
92 3 -0.00521646821
93 3 -0.00988823795
94 3 -0.000167091646
95 3 -6.56735654e-05
96 3 -9.82721314e-06
97 3 0.00333512789
98 3 -0.00518108033
99 3 -0.01027185
100 3 -0.000170868806
101 3 -0.000108184817
102 3 -5.45691458e-06
103 3 0.00231304947
104 3 -0.00425988937
105 3 -0.00745373797
106 3 -0.00014567178
107 3 -7.45939429e-05
108 3 -7.53355684e-06
109 3 0.0023101044
110 3 -0.00353839294
111 3 -0.00638196528
112 3 -0.000115270287
113 3 -7.56152824e-05
114 3 -2.63598367e-06
115 3 0.00163813091
116 3 -0.00344026496
117 3 -0.00574472476
118 3 -0.000123945812
119 3 -4.99845036e-05
120 3 -1.0982523e-05
1 4 -0.58051443
2 4 20.5268197
3 4 2.84415463
4 4 4.09657604
5 4 -1.93785708e-05
6 4 -0.0629246937
7 4 0.000164432236
8 4 -0.0113998317
9 4 0.000161182926
10 4 -0.000439130233
11 4 -2.70708121e-05
12 4 0.000227667806
13 4 0.000243510015
14 4 -0.0124548231
15 4 0.000391031208
16 4 -0.000543257457
17 4 -4.67074414e-05
18 4 0.000334413435
19 4 -0.000577392937
20 4 -0.00872574653
21 4 -6.85398191e-05
22 4 -0.000285248285
23 4 1.00918142e-05
24 4 6.05004806e-05
25 4 -0.000103252651
26 4 -0.0064967556
27 4 -5.45589638e-05
28 4 -0.000233873538
29 4 2.55330684e-06
30 4 1.69903562e-05
31 4 0.000137861626
32 4 -0.00567756118
33 4 5.1777799e-05
34 4 -0.000259591073
35 4 -1.73098917e-06
36 4 -1.28067394e-05
37 4 0.000187902682
38 4 -0.00515602542
39 4 0.000119104569
40 4 -0.000340326916
41 4 -2.26285875e-06
42 4 1.83636176e-06
43 4 0.000177436075
44 4 -0.0034780669
45 4 -0.000205115369
46 4 -0.000509651226
47 4 1.33926241e-06
48 4 6.57203394e-05
49 4 -0.000654004511
50 4 -0.00771211379
51 4 -4.83730369e-05
52 4 -0.0159197082
53 4 0.000106513415
54 4 0.00208935601
55 4 0.00017101822
56 4 -0.00182308828
57 4 -8.80472635e-05
58 4 -0.00094084079
59 4 3.50780123e-06
60 4 0.00012883344
61 4 0.000164769808
62 4 -0.00222334566
63 4 -8.56575248e-05
64 4 -0.0132365472
65 4 7.51447978e-05
66 4 0.00193348164
67 4 0.000143359934
68 4 -0.00187160937
69 4 -8.75009608e-05
70 4 -0.000149927007
71 4 -1.56148178e-06
72 4 2.20006959e-05
73 4 6.65123758e-06
74 4 -0.00134679427
75 4 -0.000109609744
76 4 -9.62230204e-05
77 4 8.48283428e-07
78 4 7.93720839e-06
79 4 2.18953717e-05
80 4 -0.00157557026
81 4 -0.000130745932
82 4 -9.35317581e-05
83 4 8.59029201e-07
84 4 6.79962317e-06
85 4 2.98745432e-05
86 4 -0.00139796811
87 4 -0.00011129155
88 4 -4.73461165e-05
89 4 2.1875095e-07
90 4 -7.7230451e-07
91 4 -5.09361142e-05
92 4 -0.00122436836
93 4 -0.000113691248
94 4 -2.47200371e-05
95 4 7.20956865e-07
96 4 4.23179999e-06
97 4 -0.000105379177
98 4 -0.00129884526
99 4 -0.00011362521
100 4 -2.60350183e-05
101 4 1.3442214e-06
102 4 7.20870177e-06
103 4 -3.11212049e-05
104 4 -0.00089460554
105 4 -0.000100995941
106 4 -1.81449974e-05
107 4 4.04965643e-07
108 4 5.98328748e-06
109 4 1.42121704e-05
110 4 -0.000795466756
111 4 -7.40764717e-05
112 4 -1.57266866e-05
113 4 -3.12890945e-08
114 4 5.91646558e-06
115 4 -2.86020128e-05
116 4 -0.000695979306
117 4 -8.50434251e-05
118 4 -1.46965846e-05
119 4 3.85884645e-07
120 4 3.73764779e-06
1 5 -14.000102
2 5 0.58051397
3 5 -0.207379163
4 5 -1.93785708e-05
5 5 4.09673586
6 5 0.0575929622
7 5 0.00542633711
8 5 -0.00014049271
9 5 -0.000893139599
10 5 -2.49702546e-05
11 5 -0.000341454673
12 5 7.66266404e-05
13 5 0.00591329829
14 5 -0.000182466988
15 5 -0.00110526763
16 5 -4.08530258e-05
17 5 -0.000425384846
18 5 0.00014756865
19 5 0.00392640971
20 5 0.000575685686
21 5 -0.000124128858
22 5 1.04085923e-05
23 5 -0.000214765522
24 5 -2.92175509e-06
25 5 0.00314586996
26 5 9.7743544e-05
27 5 4.64445171e-05
28 5 2.92550598e-06
29 5 -0.000185267118
30 5 6.41141291e-06
31 5 0.0028755094
32 5 -0.000137484061
33 5 0.000132512402
34 5 -8.89140179e-07
35 5 -0.000214359342
36 5 3.23109204e-05
37 5 0.00280949438
38 5 -0.000176080715
39 5 8.2054251e-05
40 5 -8.40695795e-07
41 5 -0.000297707021
42 5 5.02969532e-05
43 5 0.00189954856
44 5 -0.000193683396
45 5 -1.64022606e-05
46 5 -7.71111358e-07
47 5 -0.000493690404
48 5 -3.7714032e-05
49 5 0.00489265211
50 5 0.000634797492
51 5 0.00014911034
52 5 3.51457289e-05
53 5 -0.0158408545
54 5 -0.000809496117
55 5 0.000539267295
56 5 -0.000180074839
57 5 0.000123321833
58 5 -1.25728193e-06
59 5 -0.00092671759
60 5 -5.45091697e-05
61 5 0.000872432365
62 5 -0.000178589505
63 5 0.00013764429
64 5 -5.66457486e-06
65 5 -0.0132271827
66 5 -0.000658003677
67 5 0.000896456966
68 5 -0.000152514648
69 5 5.56273539e-06
70 5 -1.9912749e-06
71 5 -0.000138923093
72 5 -6.8560915e-06
73 5 0.000653567046
74 5 -1.96825542e-05
75 5 3.58151244e-05
76 5 6.43074674e-08
77 5 -8.88478978e-05
78 5 -1.09769667e-05
79 5 0.000772110447
80 5 -3.88040996e-05
81 5 2.35447106e-05
82 5 3.05042813e-08
83 5 -8.50324688e-05
84 5 -1.21870329e-05
85 5 0.000565877299
86 5 -4.61225491e-05
87 5 5.73832707e-05
88 5 -2.62938508e-07
89 5 -3.91096655e-05
90 5 -9.66552787e-06
91 5 0.000578924794
92 5 3.70451567e-05
93 5 -2.07314439e-05
94 5 4.02696822e-07
95 5 -1.82596944e-05
96 5 -8.69341662e-06
97 5 0.000577378007
98 5 8.97030208e-05
99 5 -6.14102449e-05
100 5 9.58748809e-07
101 5 -1.87865547e-05
102 5 -9.28897404e-06
103 5 0.000456905766
104 5 1.76624293e-05
105 5 -3.562702e-05
106 5 8.15807704e-08
107 5 -1.41675615e-05
108 5 -8.48101462e-06
109 5 0.000361336369
110 5 -2.41604471e-05
111 5 -4.01399248e-05
112 5 -3.10147862e-07
113 5 -1.1937487e-05
114 5 -6.07170398e-06
115 5 0.000369906824
116 5 1.52919771e-05
117 5 -1.52270307e-05
118 5 7.76858129e-08
119 5 -1.18180298e-05
120 5 -7.86437395e-06
1 6 -7.04636826
2 6 1.33323161
3 6 4.59690412e-07
4 6 -0.0629246937
5 6 0.0575929622
6 6 3.99763635
7 6 0.00197488668
8 6 0.00466784688
9 6 -2.05542027e-05
10 6 0.000211744064
11 6 6.31648774e-05
12 6 -0.000373975365
13 6 0.00161720419
14 6 0.00651916066
15 6 -5.39304617e-05
16 6 0.000280630404
17 6 0.000102949677
18 6 -0.000498146257
19 6 0.00215999592
20 6 0.00273068258
21 6 -8.83329648e-06
22 6 6.08339837e-05
23 6 -1.09556195e-05
24 6 -0.000236801151
25 6 0.00141097999
26 6 0.000333551858
27 6 -3.52837068e-06
28 6 2.24308804e-05
29 6 -4.13138222e-06
30 6 -0.00015240219
31 6 0.000638651831
32 6 -0.000826681729
33 6 -5.1990371e-06
34 6 3.70657436e-06
35 6 1.05275453e-05
36 6 -0.000122500318
37 6 0.000575340557
38 6 -0.000583625155
39 6 -1.35405102e-05
40 6 2.38645585e-05
41 6 1.19569806e-05
42 6 -0.000126550604
43 6 0.000939955501
44 6 -0.000308074563
45 6 8.85162953e-06
46 6 7.24096192e-05
47 6 -4.81297968e-05
48 6 -5.69665813e-05
49 6 0.000555388149
50 6 -0.000836340757
51 6 6.89730762e-06
52 6 0.00241215459
53 6 -0.00127950453
54 6 -0.000592954179
55 6 0.000600235625
56 6 -0.000395243004
57 6 1.0122459e-05
58 6 0.000141918435
59 6 -8.1166782e-05
60 6 -6.14565811e-05
61 6 0.000584082432
62 6 -0.000615047737
63 6 1.25647574e-05
64 6 0.00208239328
65 6 -0.00108738513
66 6 -0.000402624743
67 6 0.000522460197
68 6 -7.03508107e-05
69 6 4.06518753e-06
70 6 2.17579239e-05
71 6 -1.4101645e-05
72 6 -3.56982139e-05
73 6 0.000375625936
74 6 0.000107159433
75 6 9.01448556e-06
76 6 1.18708744e-05
77 6 -1.24359032e-05
78 6 -2.33794911e-05
79 6 0.000446798043
80 6 0.000100570191
81 6 1.07408027e-05
82 6 1.1287888e-05
83 6 -1.31774813e-05
84 6 -2.75718783e-05
85 6 0.000387103107
86 6 9.54697635e-05
87 6 1.16255797e-05
88 6 3.64444931e-06
89 6 -8.89008018e-06
90 6 -2.69629335e-05
91 6 0.000332679672
92 6 0.000448133118
93 6 5.4661336e-06
94 6 5.23939618e-06
95 6 -6.95913933e-06
96 6 -2.25286062e-05
97 6 0.000343408966
98 6 0.000589808485
99 6 2.54207985e-06
100 6 7.48143588e-06
101 6 -7.30723695e-06
102 6 -2.54675013e-05
103 6 0.000278087922
104 6 0.000398402925
105 6 4.37763397e-06
106 6 5.23287231e-06
107 6 -6.10509007e-06
108 6 -1.66934258e-05
109 6 0.000171431437
110 6 0.000387396529
111 6 1.58107969e-06
112 6 4.97112663e-06
113 6 -4.3411237e-06
114 6 -1.45300824e-05
115 6 0.00023466243
116 6 0.000272611413
117 6 5.58518249e-06
118 6 3.51622952e-06
119 6 -5.2547882e-06
120 6 -1.37730766e-05
1 7 -0.181819748
2 7 0.0313935209
3 7 0.00465539776
4 7 0.000164432236
5 7 0.00542633711
6 7 0.00197488668
7 7 816.855026
8 7 -216.148423
9 7 34.5254383
10 7 -0.682563059
11 7 -13.9316378
12 7 -6.39664306
13 7 -0.198366483
14 7 -0.00144645987
15 7 0.0130184354
16 7 0.000474287206
17 7 0.00763219271
18 7 0.000792442636
19 7 -0.160278166
20 7 -0.00655167302
21 7 0.00332467248
22 7 -0.000577579866
23 7 0.00511977719
24 7 0.00226368284
25 7 -0.132529426
26 7 0.0211979261
27 7 0.00075900504
28 7 -9.32645435e-06
29 7 0.00434665905
30 7 0.0012563443
31 7 -0.122612517
32 7 0.0288615272
33 7 0.00057091068
34 7 0.000209018117
35 7 0.0046857435
36 7 0.000278205821
37 7 -0.107089769
38 7 0.0308056121
39 7 -0.000787269775
40 7 0.000125976082
41 7 0.00479082677
42 7 0.000224286592
43 7 -0.0856701591
44 7 0.027846405
45 7 -0.000768036109
46 7 5.70744805e-05
47 7 0.00562685515
48 7 0.00152105232
49 7 -0.110075911
50 7 0.0150866205
51 7 -0.00429573857
52 7 -0.00204766143
53 7 0.132244213
54 7 0.00691477197
55 7 -0.055928629
56 7 0.0299586429
57 7 -0.00380549676
58 7 9.32025582e-05
59 7 0.00890479052
60 7 0.0012548841
61 7 -0.0567283986
62 7 0.0303067916
63 7 -0.00369133437
64 7 -0.0012609641
65 7 0.130575512
66 7 0.00744482211
67 7 -0.0493131
68 7 0.0193833495
69 7 -0.00240765154
70 7 0.000156762153
71 7 0.00238883196
72 7 0.000650809852
73 7 -0.0351569058
74 7 0.00558094226
75 7 -0.00151500975
76 7 2.85849423e-05
77 7 0.00170748246
78 7 0.00054235403
79 7 -0.0389252524
80 7 0.00778717062
81 7 -0.00185370924
82 7 4.26950412e-05
83 7 0.00182914286
84 7 0.000657735654
85 7 -0.0326531668
86 7 0.00769414927
87 7 -0.00262419451
88 7 6.44006744e-05
89 7 0.00108293346
90 7 0.000577325837
91 7 -0.0293305429
92 7 -0.00026333148
93 7 -0.000738118043
94 7 -5.08289551e-06
95 7 0.000854398147
96 7 0.000505624488
97 7 -0.0285572827
98 7 -0.00395346114
99 7 0.000463160535
100 7 -5.34773667e-05
101 7 0.000864972748
102 7 0.000536378924
103 7 -0.0241565195
104 7 -0.000669211916
105 7 0.000154046447
106 7 -5.03971642e-06
107 7 0.000718353628
108 7 0.000479649331
109 7 -0.0208458191
110 7 -5.21280879e-05
111 7 0.000905287723
112 7 1.58534666e-08
113 7 0.000654012021
114 7 0.00039937859
115 7 -0.022324025
116 7 -0.00272654207
117 7 -0.00020970576
118 7 -3.45332856e-05
119 7 0.000674246384
120 7 0.000522314675
1 8 0.0313788995
2 8 -0.631542334
3 8 -0.0122541612
4 8 -0.0113998317
5 8 -0.00014049271
6 8 0.00466784688
7 8 -216.148423
8 8 1689.93621
9 8 139.635459
10 8 20.0997275
11 8 0.682562526
12 8 1.82053978
13 8 -0.0012186357
14 8 -0.711294279
15 8 -0.00696403558
16 8 -0.0155555549
17 8 -0.0005173265
18 8 0.0100132931
19 8 -0.00719585261
20 8 -0.556937983
21 8 -0.00882341752
22 8 -0.0109349292
23 8 0.00057745207
24 8 0.00439799572
25 8 0.0201239371
26 8 -0.423955541
27 8 -0.00719203305
28 8 -0.00845680952
29 8 7.21327679e-06
30 8 0.00155124068
31 8 0.0277517197
32 8 -0.376280283
33 8 -0.00450784102
34 8 -0.00837697374
35 8 -0.000222643402
36 8 0.000331393149
37 8 0.0295974072
38 8 -0.324154684
39 8 -0.00387615103
40 8 -0.00781023554
41 8 -0.000142280226
42 8 0.000459532895
43 8 0.0259720954
44 8 -0.277081221
45 8 -0.0072880338
46 8 -0.00787912921
47 8 -2.82789456e-05
48 8 0.00103960221
49 8 0.012999902
50 8 -0.298736666
51 8 -0.00394006686
52 8 -0.137371344
53 8 0.00262243563
54 8 0.0156761467
55 8 0.0279576728
56 8 -0.193126239
57 8 -0.00436589342
58 8 -0.0105017297
59 8 -4.40618514e-05
60 8 0.000848759291
61 8 0.0280367088
62 8 -0.185207991
63 8 -0.00419782378
64 8 -0.134142831
65 8 0.00204830627
66 8 0.0191819661
67 8 0.0176625327
68 8 -0.136874219
69 8 -0.00378399389
70 8 -0.00340320973
71 8 -0.000143916213
72 8 5.66286953e-05
73 8 0.00459674754
74 8 -0.0922796173
75 8 -0.00360447016
76 8 -0.00241061087
77 8 -8.7158778e-06
78 8 0.000127329381
79 8 0.00637276076
80 8 -0.0998152655
81 8 -0.00427102163
82 8 -0.00256479721
83 8 -1.82875945e-05
84 8 3.56967775e-06
85 8 0.00635669751
86 8 -0.0939100204
87 8 -0.00359902997
88 8 -0.00181258113
89 8 -4.48154027e-05
90 8 -0.000114883765
91 8 -0.000838849173
92 8 -0.0767954095
93 8 -0.00373704797
94 8 -0.00144073562
95 8 2.04765864e-05
96 8 0.000330949514
97 8 -0.00445841742
98 8 -0.0798693127
99 8 -0.00366561719
100 8 -0.00150030687
101 8 7.09440391e-05
102 8 0.000494592323
103 8 -0.00121430335
104 8 -0.0575578801
105 8 -0.00349261882
106 8 -0.0011034813
107 8 2.09108321e-05
108 8 0.000371778454
109 8 -0.000283578498
110 8 -0.0586331043
111 8 -0.00280079908
112 8 -0.0010790663
113 8 1.40628184e-05
114 8 0.000485804886
115 8 -0.00349042953
116 8 -0.0503579211
117 8 -0.00330511062
118 8 -0.000993310483
119 8 5.26522027e-05
120 8 0.000294970943
1 9 0.00428303112
2 9 -0.0102377747
3 9 -0.0627435036
4 9 0.000161182926
5 9 -0.000893139599
6 9 -2.05542027e-05
7 9 34.5254383
8 9 139.635459
9 9 386.158155
10 9 2.69537405
11 9 -0.265593121
12 9 5.32830356e-07
13 9 0.0128832597
14 9 -0.0096917943
15 9 -0.0719396382
16 9 0.000526428755
17 9 -0.00167647579
18 9 4.84647984e-05
19 9 0.00433549184
20 9 -0.0117725938
21 9 -0.0581211436
22 9 -8.52021981e-05
23 9 -0.000475933178
24 9 1.60097936e-05
25 9 0.00231973525
26 9 -0.0108881029
27 9 -0.0476798294
28 9 -7.68692726e-05
29 9 -0.000360476066
30 9 1.90346974e-05
31 9 0.00294895201
32 9 -0.00987249112
33 9 -0.0447892733
34 9 2.09049808e-05
35 9 -0.000358320798
36 9 3.28258808e-05
37 9 0.0020781905
38 9 -0.00957984907
39 9 -0.0374846684
40 9 -4.32508548e-05
41 9 -0.000358385152
42 9 3.8756486e-05
43 9 0.00143679637
44 9 -0.0108200228
45 9 -0.0302071348
46 9 -0.000557214928
47 9 -0.000667832181
48 9 4.06367237e-06
49 9 0.00262836627
50 9 -0.010729582
51 9 -0.0322550728
52 9 -0.0100745153
53 9 -0.0191775097
54 9 0.000309250301
55 9 -0.00104398313
56 9 -0.00785289785
57 9 -0.0216381283
58 9 -0.000771798341
59 9 -0.00114098577
60 9 1.47018173e-05
61 9 -0.00068526196
62 9 -0.00799379845
63 9 -0.0202309521
64 9 -0.0101558983
65 9 -0.0198485133
66 9 0.000476211613
67 9 0.000345423595
68 9 -0.00720718403
69 9 -0.0166600753
70 9 -0.000242072435
71 9 -0.000200449914
72 9 4.37263598e-06
73 9 0.000845683234
74 9 -0.00565460527
75 9 -0.0119389043
76 9 -0.000224574015
77 9 -0.000107392173
78 9 -1.21025342e-05
79 9 0.000979258008
80 9 -0.00652353031
81 9 -0.0127820052
82 9 -0.000255990043
83 9 -0.000110131053
84 9 -1.79195791e-05
85 9 0.000414141617
86 9 -0.00593776526
87 9 -0.0121837499
88 9 -0.00019071486
89 9 1.1582799e-05
90 9 -2.32958303e-05
91 9 0.0014582431
92 9 -0.00546823023
93 9 -0.0104203104
94 9 -0.000174833614
95 9 -1.85616058e-05
96 9 -1.57795664e-05
97 9 0.00222586767
98 9 -0.0053982857
99 9 -0.0105879961
100 9 -0.000178328089
101 9 -5.17352974e-05
102 9 -1.36948181e-05
103 9 0.00180538104
104 9 -0.00460819947
105 9 -0.00798848419
106 9 -0.000159380563
107 9 -4.39470695e-05
108 9 -1.36857617e-05
109 9 0.00217947034
110 9 -0.00416619581
111 9 -0.00758580843
112 9 -0.000140787057
113 9 -6.16791063e-05
114 9 -8.60697454e-06
115 9 0.00147103157
116 9 -0.0041234993
117 9 -0.00700789552
118 9 -0.00015201148
119 9 -3.30238222e-05
120 9 -1.81432569e-05
1 10 0.000131973949
2 10 -0.0115885638
3 10 0.000116314427
4 10 -0.000439130233
5 10 -2.49702546e-05
6 10 0.000211744064
7 10 -0.682563059
8 10 20.0997275
9 10 2.69537405
10 10 4.10255725
11 10 -3.62034546e-05
12 10 -0.0492075478
13 10 0.000546811918
14 10 -0.0152808294
15 10 0.000589781206
16 10 -0.000700198752
17 10 -7.29553994e-05
18 10 0.000454525051
19 10 -0.000610944255
20 10 -0.0106879879
21 10 -1.30313023e-05
22 10 -0.000362237951
23 10 8.96048433e-06
24 10 9.86543582e-05
25 10 -2.26935358e-05
26 10 -0.00805217844
27 10 1.44278564e-05
28 10 -0.000306002043
29 10 -1.28289257e-06
30 10 5.69232889e-05
31 10 0.000211147086
32 10 -0.00762414845
33 10 0.00015973731
34 10 -0.000359617094
35 10 -6.47605644e-06
36 10 3.30652439e-05
37 10 0.000113948043
38 10 -0.00652458291
39 10 0.000144219948
40 10 -0.000423881924
41 10 -9.27026072e-07
42 10 2.57683205e-05
43 10 0.000110077317
44 10 -0.00463183237
45 10 -0.000238586891
46 10 -0.000659574038
47 10 2.83461281e-06
48 10 0.000102914353
49 10 -0.000828466386
50 10 -0.00952859273
51 10 -6.05046054e-05
52 10 -0.0205789115
53 10 0.000127230384
54 10 0.0027214023
55 10 0.000211102874
56 10 -0.00207069348
57 10 -8.66175639e-05
58 10 -0.00120879652
59 10 4.04014817e-06
60 10 0.000169585649
61 10 0.00023435473
62 10 -0.00239722426
63 10 -9.92939477e-05
64 10 -0.0162932064
65 10 8.40876778e-05
66 10 0.00239793962
67 10 0.00019523487
68 10 -0.00203587288
69 10 -8.55290174e-05
70 10 -0.000181310587
71 10 -2.1733966e-06
72 10 2.47536608e-05
73 10 4.3533926e-05
74 10 -0.00147390899
75 10 -0.000110977052
76 10 -0.000115318729
77 10 5.45305604e-07
78 10 8.78153738e-06
79 10 6.11827979e-05
80 10 -0.00165176783
81 10 -0.000134659085
82 10 -0.000108196253
83 10 5.17508654e-07
84 10 5.43646526e-06
85 10 7.30595808e-05
86 10 -0.00145381099
87 10 -0.00011397972
88 10 -5.51560669e-05
89 10 -2.12584046e-07
90 10 -3.55206511e-06
91 10 -3.61908411e-06
92 10 -0.0013260079
93 10 -0.000119413956
94 10 -2.76562426e-05
95 10 1.88207268e-07
96 10 5.10568675e-08
97 10 -5.58698671e-05
98 10 -0.00138350698
99 10 -0.000119443764
100 10 -2.88474465e-05
101 10 7.87054305e-07
102 10 2.0838037e-06
103 10 2.3253471e-08
104 10 -0.000977848951
105 10 -0.000111603329
106 10 -2.09782021e-05
107 10 9.15259038e-08
108 10 2.72886362e-06
109 10 9.59826676e-06
110 10 -0.000963505456
111 10 -9.30277232e-05
112 10 -2.00677722e-05
113 10 4.44768581e-08
114 10 4.25179074e-06
115 10 -3.71024678e-05
116 10 -0.000873493704
117 10 -0.000105266204
118 10 -1.938968e-05
119 10 5.11514935e-07
120 10 1.50891103e-06
1 11 0.00565975852
2 11 -0.000157302997
3 11 -0.000947756027
4 11 -2.70708121e-05
5 11 -0.000341454673
6 11 6.31648774e-05
7 11 -13.9316378
8 11 0.682562526
9 11 -0.265593121
10 11 -3.62034546e-05
11 11 4.10269788
12 11 0.0514454098
13 11 0.00729254611
14 11 -0.000507525532
15 11 -0.00160057244
16 11 -6.90012807e-05
17 11 -0.000549531473
18 11 0.000217736309
19 11 0.00469926937
20 11 0.000610338354
21 11 -0.000394337074
22 11 9.26058191e-06
23 11 -0.00027035605
24 11 7.67369466e-06
25 11 0.00378729678
26 11 2.33263531e-05
27 11 -0.000253079119
28 11 -6.87847922e-07
29 11 -0.000240037477
30 11 2.14974046e-05
31 11 0.0037656421
32 11 -0.000201012596
33 11 -0.000184589214
34 11 -5.1381214e-06
35 11 -0.000293875321
36 11 5.44140655e-05
37 11 0.00332709104
38 11 -0.000100465381
39 11 -9.67498791e-05
40 11 3.16615377e-07
41 11 -0.00036661514
42 11 5.87521068e-05
43 11 0.00228502455
44 11 -0.000125800402
45 11 -0.000137801532
46 11 2.44886347e-07
47 11 -0.000634275726
48 11 -4.92922177e-05
49 11 0.00604025879
50 11 0.000807178015
51 11 8.44355542e-05
52 11 3.98094561e-05
53 11 -0.020483295
54 11 -0.00105156867
55 11 0.000489015563
56 11 -0.000218859841
57 11 0.000151991919
58 11 -1.84183672e-06
59 11 -0.00119110041
60 11 -6.9066086e-05
61 11 0.000894701191
62 11 -0.000244749882
63 11 8.4409237e-05
64 11 -1.19272794e-05
65 11 -0.0162887275
66 11 -0.000810750988
67 11 0.000945606224
68 11 -0.000203710895
69 11 4.14366688e-05
70 11 -2.73012582e-06
71 11 -0.000168879707
72 11 -7.27907717e-06
73 11 0.000692692695
74 11 -5.61551388e-05
75 11 6.18394798e-05
76 11 -3.40888987e-07
77 11 -0.000106875559
78 11 -1.16119648e-05
79 11 0.00081158729
80 11 -7.7799781e-05
81 11 6.28889939e-05
82 11 -3.85118557e-07
83 11 -9.91337662e-05
84 11 -1.26886882e-05
85 11 0.000583306323
86 11 -8.8915803e-05
87 11 0.000101975391
88 11 -7.27167729e-07
89 11 -4.63892652e-05
90 11 -9.76844606e-06
91 11 0.000632344655
92 11 -1.04605037e-05
93 11 2.95170918e-05
94 11 -1.17507554e-07
95 11 -2.05583584e-05
96 11 -8.67709371e-06
97 11 0.000624930705
98 11 4.00327548e-05
99 11 -1.55645541e-06
100 11 4.20507754e-07
101 11 -2.10419791e-05
102 11 -9.22884244e-06
103 11 0.000518380295
104 11 -1.41135436e-05
105 11 -4.5673487e-07
106 11 -2.37002084e-07
107 11 -1.66853545e-05
108 11 -8.85805172e-06
109 11 0.000456758432
110 11 -2.19049668e-05
111 11 -1.94215018e-05
112 11 -2.77254358e-07
113 11 -1.54456382e-05
114 11 -7.5030164e-06
115 11 0.000471550344
116 11 2.10148627e-05
117 11 9.66022502e-06
118 11 1.52567128e-07
119 11 -1.56206653e-05
120 11 -9.52366318e-06
1 12 0.0018674546
2 12 0.00503279925
3 12 2.37884252e-05
4 12 0.000227667806
5 12 7.66266404e-05
6 12 -0.000373975365
7 12 -6.39664306
8 12 1.82053978
9 12 5.32830356e-07
10 12 -0.0492075478
11 12 0.0514454098
12 12 3.9713519
13 12 0.00111589232
14 12 0.00924147267
15 12 -3.95063481e-05
16 12 0.000411389869
17 12 0.000182309131
18 12 -0.000679698125
19 12 0.00227668742
20 12 0.00409779623
21 12 -1.31689682e-05
22 12 9.6077834e-05
23 12 -7.71378067e-07
24 12 -0.000302985092
25 12 0.00134290609
26 12 0.00132508329
27 12 -1.39135734e-05
28 12 5.62223066e-05
29 12 8.39562389e-06
30 12 -0.000202047007
31 12 0.0005897533
32 12 0.000203760019
33 12 -2.16075379e-05
34 12 4.01999089e-05
35 12 2.67219107e-05
36 12 -0.000184937851
37 12 0.00063371564
38 12 0.000353047662
39 12 -2.17227951e-05
40 12 4.54509004e-05
41 12 1.79180476e-05
42 12 -0.000175650063
43 12 0.00118354012
44 12 0.000444074414
45 12 3.2688104e-06
46 12 0.000105077066
47 12 -6.0212274e-05
48 12 -8.87172581e-05
49 12 0.000505077402
50 12 -0.000888593011
51 12 3.2519455e-06
52 12 0.00303895049
53 12 -0.00157833265
54 12 -0.000758006554
55 12 0.000670746325
56 12 -0.000375772163
57 12 9.65012886e-06
58 12 0.000180545382
59 12 -9.91582909e-05
60 12 -7.75806619e-05
61 12 0.00068729014
62 12 -0.000330763021
63 12 8.26230545e-06
64 12 0.00251899742
65 12 -0.00128246281
66 12 -0.000480104938
67 12 0.000536441883
68 12 -0.000165265547
69 12 5.06479328e-06
70 12 2.45767296e-05
71 12 -1.54597748e-05
72 12 -4.00450972e-05
73 12 0.00036912737
74 12 7.16645288e-05
75 12 9.70332036e-06
76 12 1.31145108e-05
77 12 -1.35114236e-05
78 12 -2.6018456e-05
79 12 0.000445075629
80 12 -1.31877325e-05
81 12 1.27797209e-05
82 12 1.08420955e-05
83 12 -1.40561297e-05
84 12 -2.90006625e-05
85 12 0.000378209639
86 12 -2.84207545e-05
87 12 1.40500028e-05
88 12 2.05540999e-06
89 12 -9.30511706e-06
90 12 -2.82222425e-05
91 12 0.000322312667
92 12 0.000331225645
93 12 8.96194691e-06
94 12 2.74159624e-06
95 12 -7.0929528e-06
96 12 -2.36113168e-05
97 12 0.000329265883
98 12 0.000445751456
99 12 7.09682923e-06
100 12 4.5359512e-06
101 12 -7.41169765e-06
102 12 -2.63795183e-05
103 12 0.000277721483
104 12 0.000312514721
105 12 7.63631045e-06
106 12 3.55521577e-06
107 12 -6.53557603e-06
108 12 -1.75216476e-05
109 12 0.000215162433
110 12 0.000383314207
111 12 4.56348501e-06
112 12 4.50675782e-06
113 12 -5.49120742e-06
114 12 -1.77466789e-05
115 12 0.000285724537
116 12 0.000254566651
117 12 9.03024124e-06
118 12 2.8248109e-06
119 12 -6.5607341e-06
120 12 -1.73139151e-05
1 13 -0.177468848
2 13 0.00255918978
3 13 0.00784944833
4 13 0.000243510015
5 13 0.00591329829
6 13 0.00161720419
7 13 -0.198366483
8 13 -0.0012186357
9 13 0.0128832597
10 13 0.000546811918
11 13 0.00729254611
12 13 0.00111589232
13 13 769.973806
14 13 -156.261888
15 13 8.61813292
16 13 -0.492909432
17 13 -13.8935042
18 13 -5.7603023
19 13 -0.19411601
20 13 -0.0327428796
21 13 0.00616754095
22 13 -0.00110415437
23 13 0.00619967107
24 13 0.00328129509
25 13 -0.166734086
26 13 -0.0034712309
27 13 0.0040003579
28 13 -0.000489610113
29 13 0.0054128304
30 13 0.00234373847
31 13 -0.139684087
32 13 0.0299662781
33 13 0.0021494164
34 13 0.000217789595
35 13 0.00540328824
36 13 0.000263010124
37 13 -0.124995906
38 13 0.0319588476
39 13 0.00105770521
40 13 9.4871142e-05
41 13 0.00563438456
42 13 0.000203822037
43 13 -0.0981440952
44 13 0.0300626415
45 13 0.0017185912
46 13 5.1429927e-05
47 13 0.00661457933
48 13 0.00169680193
49 13 -0.129567865
50 13 0.0122904454
51 13 -0.00298368124
52 13 -0.00245813291
53 13 0.153960305
54 13 0.00792159537
55 13 -0.0668026055
56 13 0.0275850449
57 13 -0.000294295858
58 13 5.53955284e-05
59 13 0.0105319924
60 13 0.0013932714
61 13 -0.0693145625
62 13 0.0301639651
63 13 -0.00198204239
64 13 -0.00141748937
65 13 0.147465537
66 13 0.00828424493
67 13 -0.0569882214
68 13 0.0169306255
69 13 -0.000652889234
70 13 0.000122480612
71 13 0.00271393847
72 13 0.00079004435
73 13 -0.0407476391
74 13 0.00300331774
75 13 0.000615248697
76 13 -1.03937931e-05
77 13 0.001918247
78 13 0.000685381818
79 13 -0.0458880108
80 13 0.00438270624
81 13 0.000602567691
82 13 -5.3834826e-06
83 13 0.00204960981
84 13 0.000835646488
85 13 -0.0387781124
86 13 0.00487653972
87 13 -0.000147282101
88 13 2.23663975e-05
89 13 0.00124713781
90 13 0.000750428632
91 13 -0.0351839159
92 13 -0.00344377731
93 13 0.00223533108
94 13 -4.82371181e-05
95 13 0.000984403893
96 13 0.000672820696
97 13 -0.0340292458
98 13 -0.00789390952
99 13 0.00399238004
100 13 -0.000108245048
101 13 0.000979134146
102 13 0.000708875578
103 13 -0.0287948244
104 13 -0.00480842098
105 13 0.00102396875
106 13 -5.93900455e-05
107 13 0.000825152369
108 13 0.000631547721
109 13 -0.0230464382
110 13 -0.0015008029
111 13 0.000952302277
112 13 -1.95228493e-05
113 13 0.000708332772
114 13 0.000476563332
115 13 -0.0248485121
116 13 -0.00462819916
117 13 -1.72542624e-05
118 13 -5.99563256e-05
119 13 0.000733265792
120 13 0.00061719167
1 14 0.0022280035
2 14 -0.614165416
3 14 -0.0109737366
4 14 -0.0124548231
5 14 -0.000182466988
6 14 0.00651916066
7 14 -0.00144645987
8 14 -0.711294279
9 14 -0.0096917943
10 14 -0.0152808294
11 14 -0.000507525532
12 14 0.00924147267
13 14 -156.261888
14 14 1557.99437
15 14 127.202973
16 14 20.0458372
17 14 0.492906879
18 14 0.169763104
19 14 -0.0329816805
20 14 -0.701347812
21 14 -0.0105916598
22 14 -0.0139269488
23 14 0.00110150504
24 14 0.0067315263
25 14 -0.00414600209
26 14 -0.561037585
27 14 -0.00911970086
28 14 -0.0112057067
29 14 0.000485524918
30 14 0.00376696696
31 14 0.0291822091
32 14 -0.439245641
33 14 -0.00528493004
34 14 -0.00990055922
35 14 -0.000234717698
36 14 0.000396557668
37 14 0.0310088467
38 14 -0.389123614
39 14 -0.00462820212
40 14 -0.00943296826
41 14 -0.000115625959
42 14 0.000610618828
43 14 0.0285070664
44 14 -0.323362666
45 14 -0.00803236723
46 14 -0.00932615546
47 14 -3.04756031e-05
48 14 0.00153395653
49 14 0.0104322625
50 14 -0.352894677
51 14 -0.00472255752
52 14 -0.160156443
53 14 0.00292632523
54 14 0.0182502329
55 14 0.026004755
56 14 -0.22356005
57 14 -0.00488638489
58 14 -0.0124549729
59 14 -1.85515821e-05
60 14 0.00164463289
61 14 0.02802242
62 14 -0.233663772
63 14 -0.00409966562
64 14 -0.1519043
65 14 0.0021111346
66 14 0.021787684
67 14 0.0153882749
68 14 -0.160948584
69 14 -0.00468436422
70 14 -0.00395599519
71 14 -0.000111029092
72 14 0.000365994951
73 14 0.0021795902
74 14 -0.109810248
75 14 -0.00455464452
76 14 -0.00278080022
77 14 2.9667696e-05
78 14 0.000522728588
79 14 0.00314243445
80 14 -0.119856413
81 14 -0.00540719664
82 14 -0.00295703697
83 14 2.94936276e-05
84 14 0.000461052414
85 14 0.00373500523
86 14 -0.113712996
87 14 -0.00463513213
88 14 -0.0021549117
89 14 -2.22281668e-06
90 14 0.000387633695
91 14 -0.00374375635
92 14 -0.0975752923
93 14 -0.0045416614
94 14 -0.00176591453
95 14 6.3979397e-05
96 14 0.000970638343
97 14 -0.00804302262
98 14 -0.101827976
99 14 -0.00431255431
100 14 -0.0018293424
101 14 0.00012583239
102 14 0.00126631211
103 14 -0.00541600636
104 14 -0.0695171411
105 14 -0.00413105308
106 14 -0.00131093619
107 14 7.70048612e-05
108 14 0.000591646059
109 14 -0.00178986213
110 14 -0.0637084694
111 14 -0.00319830695
112 14 -0.00117746218
113 14 3.40464388e-05
114 14 0.000556644171
115 14 -0.00547391013
116 14 -0.0556222463
117 14 -0.00375955126
118 14 -0.00109476703
119 14 7.89590098e-05
120 14 0.000368993261
1 15 0.00756695626
2 15 -0.00656648642
3 15 -0.0620317238
4 15 0.000391031208
5 15 -0.00110526763
6 15 -5.39304617e-05
7 15 0.0130184354
8 15 -0.00696403558
9 15 -0.0719396382
10 15 0.000589781206
11 15 -0.00160057244
12 15 -3.95063481e-05
13 15 8.61813292
14 15 127.202973
15 15 357.966842
16 15 2.42740902
17 15 0.214802601
18 15 2.55289353e-06
19 15 0.00669907821
20 15 -0.0122733573
21 15 -0.0709411132
22 15 -6.90608537e-05
23 15 -0.000624900643
24 15 9.76344272e-06
25 15 0.00499490139
26 15 -0.0120268199
27 15 -0.0599276986
28 15 -8.86743996e-05
29 15 -0.000546278334
30 15 1.68588087e-05
31 15 0.00413213313
32 15 -0.0100338482
33 15 -0.0523319131
34 15 8.38948914e-05
35 15 -0.000433805614
36 15 3.0133866e-05
37 15 0.00360528529
38 15 -0.0101628244
39 15 -0.0451045104
40 15 4.28870352e-06
41 15 -0.000450972685
42 15 3.89773974e-05
43 15 0.00343652756
44 15 -0.0116107559
45 15 -0.035147407
46 15 -0.000598535548
47 15 -0.0008740676
48 15 1.05475939e-05
49 15 0.00367733018
50 15 -0.0117354135
51 15 -0.0383461884
52 15 -0.0112033356
53 15 -0.0221067337
54 15 0.000319434147
55 15 0.00157589814
56 15 -0.00864814253
57 15 -0.0255988958
58 15 -0.000839160802
59 15 -0.00148273836
60 15 3.10367376e-05
61 15 0.000758953891
62 15 -0.008865274
63 15 -0.0257351569
64 15 -0.0109549979
65 15 -0.0222543744
66 15 0.000496027633
67 15 0.00165794978
68 15 -0.00815508691
69 15 -0.0197708026
70 15 -0.000276212563
71 15 -0.000278238912
72 15 8.21319093e-06
73 15 0.00233587096
74 15 -0.00657362961
75 15 -0.0141935122
76 15 -0.00026288749
77 15 -0.000190930547
78 15 -6.41166072e-06
79 15 0.00266099456
80 15 -0.00763591274
81 15 -0.015364657
82 15 -0.000299957182
83 15 -0.000201751408
84 15 -1.06994987e-05
85 15 0.00202217461
86 15 -0.00697427383
87 15 -0.014644
88 15 -0.000231992593
89 15 -7.69887424e-05
90 15 -1.44494827e-05
91 15 0.00338537427
92 15 -0.0064245735
93 15 -0.0129695339
94 15 -0.000210679306
95 15 -0.000120271566
96 15 -4.00063915e-06
97 15 0.00440771708
98 15 -0.00624639139
99 15 -0.0131467158
100 15 -0.000210046442
101 15 -0.000170129078
102 15 2.05946521e-06
103 15 0.00238489871
104 15 -0.00523239379
105 15 -0.00960475215
106 15 -0.000185958553
107 15 -7.08587328e-05
108 15 -1.20376428e-05
109 15 0.00220148541
110 15 -0.00445918778
111 15 -0.00828161403
112 15 -0.00015539639
113 15 -6.53929017e-05
114 15 -9.2262581e-06
115 15 0.001592466
116 15 -0.004480676
117 15 -0.00778853309
118 15 -0.000168829479
119 15 -3.84430402e-05
120 15 -1.85446429e-05
1 16 0.000151274135
2 16 -0.0129027988
3 16 0.000288167877
4 16 -0.000543257457
5 16 -4.08530258e-05
6 16 0.000280630404
7 16 0.000474287206
8 16 -0.0155555549
9 16 0.000526428755
10 16 -0.000700198752
11 16 -6.90012807e-05
12 16 0.000411389869
13 16 -0.492909432
14 16 20.0458372
15 16 2.42740902
16 16 4.14537072
17 16 -0.000112627322
18 16 -0.0690791391
19 16 -0.00113261794
20 16 -0.0137908625
21 16 -2.64285588e-05
22 16 -0.000467538288
23 16 1.67408724e-05
24 16 0.000142244084
25 16 -0.000519252665
26 16 -0.0109036427
27 16 -1.35953829e-05
28 16 -0.000406949143
29 16 5.3868256e-06
30 16 0.00010377728
31 16 0.000220307779
32 16 -0.00920643789
33 16 0.000208760469
34 16 -0.000451093233
35 16 -7.7414259e-06
36 16 4.17639114e-05
37 16 7.85039658e-05
38 16 -0.00811775281
39 16 0.000190422626
40 16 -0.000549463112
41 16 -3.7394222e-07
42 16 3.42665311e-05
43 16 0.000113574593
44 16 -0.00564950486
45 16 -0.000257426966
46 16 -0.00088872924
47 16 2.55177412e-06
48 16 0.00014578749
49 16 -0.00109115219
50 16 -0.0122164999
51 16 -7.97091231e-05
52 16 -0.0278663913
53 16 0.000145322095
54 16 0.00371912681
55 16 0.000196506339
56 16 -0.00241435522
57 16 -6.22033447e-05
58 16 -0.00164048878
59 16 3.47897748e-06
60 16 0.000246535354
61 16 0.000226194661
62 16 -0.00335513787
63 16 -5.86857278e-05
64 16 -0.0207194089
65 16 8.68765725e-05
66 16 0.00305183668
67 16 0.000166033584
68 16 -0.00238038698
69 16 -0.000106806535
70 16 -0.000230228248
71 16 -2.03292081e-06
72 16 3.63599679e-05
73 16 1.1455857e-05
74 16 -0.0017057978
75 16 -0.000141106531
76 16 -0.000143421144
77 16 9.8467274e-07
78 16 1.91328042e-05
79 16 2.09476496e-05
80 16 -0.00193157973
81 16 -0.000171255547
82 16 -0.000130848138
83 16 1.02618306e-06
84 16 1.61083292e-05
85 16 3.99472897e-05
86 16 -0.00171532074
87 16 -0.000148300081
88 16 -6.8617048e-05
89 16 2.19021614e-07
90 16 6.94451322e-06
91 16 -3.61821599e-05
92 16 -0.00163520437
93 16 -0.000150320952
94 16 -3.23955462e-05
95 16 5.57624276e-07
96 16 1.19220524e-05
97 16 -9.81052351e-05
98 16 -0.00169565744
99 16 -0.000146356982
100 16 -3.32513606e-05
101 16 1.28403922e-06
102 16 1.6645368e-05
103 16 -5.83253194e-05
104 16 -0.0011825216
105 16 -0.000134635681
106 16 -2.48172518e-05
107 16 7.13891767e-07
108 16 5.92378697e-06
109 16 -1.15760138e-05
110 16 -0.00106430417
111 16 -0.000106978899
112 16 -2.21973156e-05
113 16 2.67271597e-07
114 16 5.24092136e-06
115 16 -6.50196015e-05
116 16 -0.000977227108
117 16 -0.000120973321
118 16 -2.15866676e-05
119 16 8.0798923e-07
120 16 2.53435086e-06
1 17 0.00646315629
2 17 -0.000218369681
3 17 -0.00123085591
4 17 -4.67074414e-05
5 17 -0.000425384846
6 17 0.000102949677
7 17 0.00763219271
8 17 -0.0005173265
9 17 -0.00167647579
10 17 -7.29553994e-05
11 17 -0.000549531473
12 17 0.000182309131
13 17 -13.8935042
14 17 0.492906879
15 17 0.214802601
16 17 -0.000112627322
17 17 4.14557238
18 17 0.0373285402
19 17 0.00593722898
20 17 0.00113490437
21 17 -0.000573898844
22 17 1.70358085e-05
23 17 -0.000343681476
24 17 2.15398509e-07
25 17 0.00494378006
26 17 0.00052234781
27 17 -0.000456352465
28 17 5.98874846e-06
29 17 -0.000313104106
30 17 1.22262341e-05
31 17 0.00454739312
32 17 -0.0002061037
33 17 -0.000273581041
34 17 -6.24819787e-06
35 17 -0.000368594699
36 17 6.81179524e-05
37 17 0.00412669698
38 17 -6.05469084e-05
39 17 -0.000184620299
40 17 1.16120788e-06
41 17 -0.000474887304
42 17 7.38467952e-05
43 17 0.0028639614
44 17 -0.000124754349
45 17 -0.00028671098
46 17 2.62484573e-07
47 17 -0.000857308517
48 17 -6.09300646e-05
49 17 0.0079166766
50 17 0.00107781078
51 17 -6.39900576e-05
52 17 6.18601105e-05
